%% LaTeX2e file `ImuA.dat'
%% generated by the `filecontents' environment
%% from source `tikz/main-figure4' on 2019/06/11.
%%
Time aX aY aZ gX gY gZ
  18.80132   -1.00020   -0.20578   -9.52343   -0.12801    0.14349    0.08015
  18.82458   -1.01815   -0.20219   -9.51027   -0.12801    0.09770    0.07251
  18.89440   -1.01456   -0.19143   -9.52463   -0.15854    0.12823    0.09541
  18.91762   -1.00977   -0.20100   -9.53420   -0.14328    0.12060    0.08778
  18.94146   -1.00618   -0.19860   -9.54976   -0.13564    0.12060    0.04961
  18.98812   -1.00259   -0.19741   -9.51985   -0.15854    0.15113    0.08015
  19.01064   -0.98824   -0.18425   -9.51147   -0.14328    0.14349    0.06488
  19.03454   -1.00140   -0.20219   -9.54018   -0.14328    0.09770    0.07251
  19.10387   -1.00499   -0.19621   -9.52224   -0.08984    0.10533    0.08015
  19.12806   -1.00618   -0.20818   -9.53420   -0.10511    0.08243    0.08778
  19.17485   -0.99422   -0.20459   -9.51386   -0.15091    0.13586    0.05725
  19.24412   -1.00499   -0.19262   -9.54736   -0.14328    0.09006    0.07251
  19.31437   -0.98943   -0.19502   -9.52822   -0.11274    0.10533    0.08015
  19.36053   -1.02054   -0.20459   -9.54377   -0.15854    0.15876    0.08778
  19.38415   -1.00020   -0.18784   -9.53061   -0.15091    0.13586    0.06488
  19.50008   -1.00020   -0.20459   -9.51027   -0.12801    0.12823    0.08778
  19.56971   -1.01336   -0.19860   -9.54018   -0.14328    0.14349    0.08778
  19.59374   -0.99900   -0.19741   -9.53061   -0.12801    0.15876    0.06488
  19.66231   -1.01097   -0.21176   -9.53779   -0.16617    0.13586    0.10305
  19.68575   -0.98943   -0.20818   -9.51147   -0.16617    0.14349    0.06488
  19.70884   -0.99302   -0.19621   -9.52224   -0.14328    0.12060    0.06488
  19.75538   -1.01097   -0.20818   -9.53779   -0.14328    0.15113    0.02672
  19.89451   -1.00140   -0.19621   -9.51027   -0.12801    0.12823    0.05725
  19.94154   -1.01216   -0.18903   -9.53659   -0.14328    0.09770    0.08778
  20.01088   -1.00259   -0.19023   -9.53779   -0.12801    0.12060    0.09541
  20.03470   -1.01695   -0.20339   -9.55574   -0.15091    0.11296    0.08015
  20.08046   -0.99900   -0.19741   -9.53061   -0.13564    0.10533    0.05725
  20.12727   -1.01216   -0.21176   -9.53061   -0.13564    0.07480    0.07251
  20.19735   -0.99182   -0.20100   -9.51267   -0.12038    0.12823    0.04198
  20.24316   -1.00857   -0.20219   -9.54617   -0.15091    0.09006    0.08778
  20.29018   -0.99781   -0.20698   -9.51626   -0.15091    0.14349    0.06488
  20.38323   -0.99900   -0.19262   -9.50908   -0.15091    0.11296    0.08015
  20.42900   -1.00140   -0.20459   -9.52463   -0.12801    0.09770    0.07251
  20.52196   -1.00738   -0.19502   -9.52583   -0.12038    0.12060    0.09541
  20.56924   -1.01575   -0.20818   -9.54018   -0.15091    0.15876    0.05725
  20.59197   -1.00379   -0.20219   -9.51865   -0.12801    0.14349    0.06488
  20.61568   -1.01456   -0.20100   -9.55215   -0.12038    0.11296    0.08778
  20.63876   -1.01575   -0.20578   -9.54617   -0.12801    0.12060    0.09541
  20.73130   -1.01695   -0.21057   -9.54258   -0.11274    0.12060    0.04961
  20.77987   -1.01336   -0.20459   -9.51865   -0.13564    0.14349    0.08015
  20.80259   -1.01336   -0.20937   -9.54617   -0.12801    0.12823    0.04961
  20.82708   -1.02054   -0.20459   -9.55215   -0.12038    0.14349    0.07251
  20.84924   -1.01815   -0.20219   -9.53899   -0.15091    0.14349    0.08778
  20.87220   -1.00259   -0.20698   -9.51745   -0.15091    0.15113    0.08015
  20.94147   -1.01097   -0.20698   -9.53061   -0.14328    0.13586    0.07251
  20.96538   -1.00499   -0.19621   -9.50429   -0.13564    0.16639    0.08015
  21.08106   -1.00857   -0.20219   -9.53061   -0.14328    0.07480    0.11831
  21.12795   -0.99781   -0.19382   -9.54736   -0.13564    0.11296    0.11831
  21.15044   -1.00140   -0.19860   -9.52343   -0.15091    0.14349    0.10305
  21.17441   -0.99661   -0.20818   -9.52702   -0.12801    0.13586    0.08015
  21.19747   -1.00020   -0.20219   -9.53779   -0.08984    0.12823    0.07251
  21.22141   -1.00857   -0.20698   -9.54617   -0.10511    0.12823    0.08015
  21.26773   -1.00020   -0.20219   -9.53540   -0.15854    0.17403    0.06488
  21.33675   -1.00977   -0.20459   -9.54018   -0.18907    0.16639    0.07251
  21.43082   -1.01216   -0.20339   -9.55095   -0.12038    0.12823    0.07251
  21.45362   -1.00738   -0.19502   -9.52463   -0.11274    0.14349    0.08015
  21.47683   -1.00499   -0.19860   -9.52822   -0.10511    0.11296    0.09541
  21.56906   -1.00259   -0.21176   -9.51386   -0.13564    0.15876    0.05725
  21.59297   -1.00738   -0.21176   -9.53540   -0.12801    0.10533    0.07251
  21.61672   -1.01934   -0.22253   -9.54856   -0.16617    0.12823    0.08015
  21.66283   -0.99661   -0.19860   -9.51745   -0.18907    0.13586    0.05725
  21.68586   -1.00857   -0.20818   -9.52702   -0.14328    0.10533    0.08778
  21.73222   -1.00259   -0.19621   -9.53659   -0.11274    0.13586    0.07251
  21.77911   -1.00618   -0.20100   -9.53061   -0.14328    0.10533    0.09541
  21.87280   -0.98584   -0.19621   -9.50070   -0.12801    0.14349    0.06488
  21.89590   -1.00738   -0.19980   -9.51865   -0.12038    0.12060    0.08778
  21.94279   -1.00379   -0.20339   -9.53300   -0.16617    0.18166    0.07251
  21.96541   -1.00020   -0.19741   -9.52343   -0.16617    0.12823    0.11068
  22.01277   -1.01216   -0.20818   -9.53899   -0.14328    0.13586    0.06488
  22.03559   -1.00020   -0.19621   -9.52583   -0.17381    0.15113    0.08778
  22.08269   -1.01216   -0.21057   -9.54138   -0.15854    0.14349    0.08778
  22.10508   -1.00499   -0.19502   -9.53300   -0.15854    0.14349    0.06488
  22.15231   -1.01216   -0.21057   -9.53300   -0.16617    0.15876    0.06488
  22.17518   -1.00738   -0.20100   -9.50190   -0.15091    0.13586    0.04961
  22.19769   -1.01216   -0.20578   -9.53300   -0.12038    0.09006    0.05725
  22.22132   -1.02293   -0.21416   -9.54617   -0.13564    0.13586    0.07251
  22.29129   -1.02532   -0.21296   -9.52702   -0.10511    0.09770    0.08015
  22.33728   -0.99063   -0.20818   -9.51985   -0.14328    0.15876    0.10305
  22.40693   -1.00020   -0.19860   -9.53061   -0.12801    0.12060    0.08778
  22.47705   -1.00379   -0.20219   -9.53420   -0.11274    0.10533    0.08015
  22.52350   -1.01575   -0.21655   -9.54856   -0.11274    0.14349    0.09541
  22.54685   -0.99781   -0.19980   -9.51506   -0.13564    0.18166    0.09541
  22.61697   -1.00857   -0.20698   -9.55574   -0.12038    0.15876    0.08778
  22.64066   -1.00020   -0.19262   -9.52224   -0.17381    0.15113    0.08015
  22.66434   -1.01336   -0.19382   -9.51267   -0.15854    0.12823    0.08778
  22.68691   -0.98106   -0.20339   -9.54018   -0.10511    0.14349    0.08778
  22.71071   -1.00499   -0.20698   -9.53779   -0.09748    0.11296    0.09541
  22.77967   -0.55753   -0.28355   -9.51147   -0.28067    0.56331   -0.39310
  22.80332   -0.53839   -0.26680   -9.50908   -0.12801    0.24272   -0.85108
  22.87302   -0.86740   -0.10528   -9.57368   -0.21197    0.39538    0.36257
  22.94286   -0.92243   -0.16989   -9.54976   -0.30357    0.40302    0.33967
  23.01235   -1.07318   -0.32782   -9.81297   -0.13564    0.17403    0.72132
  23.05965   -0.89372   -0.22253   -9.53779   -0.47149    0.60147    0.29387
  23.08255   -0.88295   -0.13280   -9.43131   -0.37227    0.45645    0.32440
  23.12814   -0.95713   -0.18425   -9.54856   -0.30357    0.09770    0.43890
  23.15140   -0.96909   -0.23569   -9.53300   -0.31883    0.06716    0.33967
  23.19778   -0.98106   -0.21176   -9.47199   -0.24250   -0.13893    0.04198
  23.26834   -0.98225   -0.19980   -9.52343   -0.34937   -0.22289   -0.08778
  23.31457   -0.96311   -0.21655   -9.50429   -0.29594   -0.25342   -0.17174
  23.33720   -0.95234   -0.16869   -9.50190   -0.26540   -0.28395   -0.17174
  23.36149   -0.94756   -0.16152   -9.56770   -0.19671   -0.33738   -0.08778
  23.38395   -0.97268   -0.12682   -9.51985   -0.18144   -0.26105    0.03435
  23.40754   -0.97149   -0.13759   -9.49233   -0.09748   -0.29159    0.13358
  23.45459   -1.00857   -0.21894   -9.58445   -0.06695   -0.27632   -0.00382
  23.47741   -0.96072   -0.17946   -9.52702   -0.09748   -0.15419   -0.07251
  23.50010   -1.00977   -0.23210   -9.48395   -0.12038   -0.26105   -0.12594
  23.66313   -0.98225   -0.23569   -9.49831   -0.10511   -0.13129   -0.13358
  23.75624   -1.05882   -0.14716   -9.54976   -0.09748   -0.00153   -0.01908
  23.80254   -1.01934   -0.18066   -9.51506   -0.16617   -0.05496    0.17174
  23.84882   -1.06720   -0.22253   -9.54377   -0.15091   -0.02443   -0.11831
  23.91926   -1.06959   -0.16750   -9.52463   -0.29594    0.08243   -0.17174
  23.94238   -1.11745   -0.18185   -9.53300   -0.31883    0.07480   -0.09541
  23.96539   -1.10907   -0.18305   -9.56770   -0.31883    0.14349   -0.06488
  24.10550   -1.07797   -0.17109   -9.54258   -0.50966   -0.04733   -0.33204
  24.17517   -0.99302   -0.16750   -9.47438   -0.35700    0.02900    0.03435
  24.22135   -1.02413   -0.24048   -9.72922    0.49026   -0.08550   -0.04198
  24.24511   -0.93081   -0.17348   -9.34038   -0.80735   -0.07786   -0.11068
  24.31474   -1.06002   -0.11844   -9.52343   -0.50966   -0.16946   -0.44653
  24.38391   -1.09113   -0.17827   -9.57129   -0.36463   -0.33738   -0.12594
  24.43073   -0.96909   -0.12562   -9.49711   -0.28830   -0.28395   -0.17938
  24.45444   -0.99182   -0.12802   -9.51745   -0.29594   -0.53584   -0.16411
  24.52450   -1.09352   -0.21894   -9.51626   -0.21961   -0.76483   -0.30150
  24.61706   -0.98704   -0.13878   -9.50309   -0.19671   -0.58164   -0.33204
  24.63951   -1.03131   -0.13161   -9.49711   -0.28830   -0.65034   -0.17938
  24.68739   -1.08993   -0.19143   -9.48395   -0.24250   -0.60454   -0.05725
  24.71024   -1.09950   -0.18784   -9.49951   -0.33410   -0.74193   -0.09541
  24.77923   -1.12463   -0.18185   -9.50549   -0.34937   -0.66560   -0.18701
  24.80324   -1.10788   -0.17228   -9.51267   -0.35700   -0.68087   -0.20991
  24.82584   -1.09711   -0.16271   -9.50429   -0.40280   -0.77247   -0.20227
  24.84888   -1.04925   -0.15793   -9.49592   -0.38753   -0.68850   -0.20227
  24.89579   -1.07797   -0.16750   -9.53300   -0.40280   -0.82590   -0.33204
  24.94288   -1.07797   -0.18185   -9.46720   -0.43333   -0.87169   -0.69842
  25.05880   -1.10429   -0.17228   -9.52702   -0.63179   -1.47470   -0.44653
  25.10513   -1.22154   -0.22014   -9.50908   -0.70812   -1.71896   -0.94268
  25.12861   -1.23829   -0.17109   -9.52822   -0.60126   -1.67316   -1.27853
  25.15205   -1.31486   -0.02154   -9.49113   -0.56309   -1.73422   -1.16403
  25.17465   -1.39980    0.01316   -9.59163   -0.60126   -1.59683   -0.55339
  25.19835   -1.40100   -0.04786   -9.60838   -0.58599   -1.27624    0.01908
  25.24556   -1.13181   -0.17109   -9.44447   -0.47913   -1.16175    0.01145
  25.26728   -0.92602   -0.10528   -9.37986   -0.51729   -1.29151    0.04198
  25.31436   -1.19163   -0.14955   -9.54377   -0.76155   -1.94031    0.05725
  25.36112   -1.51226   -0.18425   -9.68734   -0.36463   -1.56630   -0.51523
  25.43100   -1.17488   -0.13998   -9.41456   -0.41806   -1.57393   -0.40837
  25.45365   -1.22154   -0.18784   -9.46481   -0.44096   -1.73422   -0.53049
  25.47746   -1.20000   -0.21176   -9.47558   -0.40280   -1.71132   -0.72132
  25.50084   -1.21555   -0.16152   -9.49233   -0.41043   -1.83345   -0.94268
  25.52385   -1.25862   -0.09811   -9.42772   -0.48676   -2.03954   -1.04190
  25.54787   -1.34118   -0.01196   -9.46481   -0.54782   -2.09297   -0.82055
  25.59431   -1.48235   -0.11725   -9.59043   -0.48676   -1.71132   -0.14884
  25.64053   -1.25264   -0.13400   -9.44327   -0.44860   -1.58920   -0.00382
  25.66348   -1.25504   -0.11246   -9.46242   -0.49439   -1.77239    0.01145
  25.68731   -1.22871   -0.09212   -9.42413   -0.54782   -1.90215    0.01145
  25.73472   -1.31845   -0.23928   -9.46960   -0.47913   -2.16930   -0.55339
  25.78057   -1.15334   -0.19741   -9.33440   -0.41043   -2.46699   -1.48462
  25.94278   -1.86879   -0.11605   -9.69811   -0.43333   -2.10061    0.47706
  25.96641   -1.54696   -0.16152   -9.52343   -0.37227   -1.53577    0.35493
  26.03583   -1.35314   -0.06700   -9.32483   -0.81498   -3.39058    0.20991
  26.08235   -1.70369   -0.12203   -9.53061   -0.89131   -3.46691    0.43126
  26.10640   -1.66182   -0.06580   -9.58206   -0.70048   -3.10053    0.62972
  26.19835   -1.46680   -0.05384   -9.38226   -0.73865   -3.62721    0.48470
  26.33854   -1.68933   -0.03111   -9.41097   -1.56301   -5.32173    0.61446
  26.40855   -1.80060   -0.01795   -9.43490   -1.65461   -5.45149    0.78238
  26.43136   -1.81496   -0.01914   -9.43370   -1.60118   -5.39806    0.84345
  26.45403   -1.84128   -0.02034   -9.40140   -1.54775   -5.30647    0.89688
  26.47794   -1.82094    0.03709   -9.40858   -1.64698   -5.24540    1.01137
  26.50184   -1.81855    0.04427   -9.37747   -1.70804   -5.45149    1.31669
  26.52548   -1.82094    0.01555   -9.36192   -1.89123   -5.68812    1.56858
  26.54797   -1.86042   -0.03589   -9.28176   -2.24998   -6.42852    1.66781
  26.57165   -1.91306   -0.11246   -9.38465   -2.50951   -6.84833    1.59148
  26.61822   -2.02193   -0.09452   -9.35354   -2.66980   -7.68796    1.10297
  26.68681   -2.06620    0.13759   -9.37986   -2.47134   -7.76429    0.85871
  26.71029   -2.14756    0.16271   -9.35474   -2.40264   -7.74903    0.88924
  26.78061   -2.10568    0.10050   -9.21955   -2.41791   -8.12304    1.06480
  26.80334   -2.08534    0.07896   -9.15374   -2.70796   -8.69552    1.14877
  26.87291   -2.14158    0.04905   -9.07478   -4.27273  -11.32891    1.87390
  26.91960   -2.27079    0.05264   -9.07119   -5.32608  -13.43561    2.01893
  26.94405   -2.41077    0.14118   -9.15015   -5.92146  -14.33631    1.96550
  26.96712   -2.36531    0.22014   -8.70628   -6.64659  -15.45072    2.41584
  26.98974   -2.46221    0.15075   -8.68355   -7.67705  -17.00023    2.36241
  27.08226   -3.22792    0.19262   -9.64068   -5.74590  -18.16044    1.65254
  27.12997   -3.28893    0.58265   -9.16930   -1.37219  -12.25250   -2.53797
  27.15277   -2.93719    0.65683   -8.57468    3.52820   -9.17640   -5.78963
  27.17643   -2.44427    0.78126   -7.63430    9.77962   -6.93993   -9.66719
  27.22200   -4.87179    1.81137  -11.00938    9.38271   -3.15396  -13.71268
  27.29244   -2.65005   -1.36630   -9.27099   -1.85307   -5.77208    4.46912
  27.31515   -2.14636   -1.69531   -9.26979    0.04755   -5.03168    3.82795
  27.38564   -2.81516    0.44506   -7.45125   -7.23433  -16.81703    2.96542
  27.40870   -2.36650    0.38644   -7.46800  -11.05083  -22.67155    2.00366
  27.43249   -2.19183    0.65922   -8.32583  -11.88283  -27.22081    0.19464
  27.50183   -3.48395    0.58385   -7.94417  -15.72986  -34.41873    7.76658
  27.61846   -5.78704    1.00259   -9.21356    4.86397    3.28066   -1.43882
  27.64114   -4.39562    1.19282   -8.42752    4.13884    7.96732   -3.09518
  27.68735   -2.70748    0.71067   -8.88455    4.86397    3.60888   -2.09526
  27.71073   -2.86660    0.22493   -8.07817    5.08533    0.69307    0.26334
  27.87395   -4.15274    0.70110   -8.71945    3.94038    1.05182   -0.43126
  27.92022   -3.91107    0.02273   -8.70509    3.52820    0.20456   -1.23273
  27.94384   -3.83091   -0.03230   -8.92523    3.88695   -0.22289   -0.79765
  27.98973   -3.96850    0.13519   -8.75294    4.50522   -0.44425    1.04190
  28.05989   -4.05105    0.54676   -8.64886    4.40599   -0.78773    0.98847
  28.08282   -4.10369    0.42712   -8.76970    4.91740   -0.37555    0.62209
  28.10554   -4.12762    0.28834   -8.73261    5.18456   -0.09313    0.15648
  28.17638   -4.02832   -0.04905   -8.71107    5.42118   -0.23816   -0.76712
  28.19956   -4.05225    0.03230   -8.81875    5.52041   -0.37555   -0.70605
  28.24614   -3.95893    0.05743   -8.76491    5.63491   -0.43661   -0.63736
  28.29259   -3.38824   -0.02393   -8.32583    7.21494   -0.44425   -2.64483
  28.33843   -2.94915    0.59462  -10.01636   25.32041   -2.52042  -10.24730
  28.45604   -5.75474   -1.41775  -10.01396   -0.47149   -1.03199   -0.98084
  28.47868   -4.00798   -0.63769   -8.29472   -0.52493    0.21219   -1.76704
  28.57239   -3.76391   -0.24646   -8.60339   -0.66232   -0.50531   -0.17174
  28.59634   -3.96132   -0.57667   -8.96710   -0.70048   -0.77247    0.37783
  28.61897   -3.95294   -0.64726   -8.68475   -0.28830   -0.97092    0.69079
  28.64247   -4.07737   -0.38644   -8.90728   -0.50203   -1.45944    0.62972
  28.66526   -4.00917   -0.04546   -8.82712   -0.71575   -1.13122    0.40837
  28.68835   -4.10848    0.00718   -8.72902   -1.01344   -1.19991   -0.04961
  28.78209   -4.46261   -0.26321   -8.74218   -0.44096   -0.78010    0.62209
  28.82766   -4.06301   -0.23330   -8.81994   -0.31883   -0.37555    0.59919
  28.85127   -3.97567   -0.12562   -8.76730   -0.58599   -0.62744   -0.19464
  28.87468   -4.02114   -0.10289   -8.75773   -0.88368   -0.86406   -0.63736
  28.92082   -4.26880   -0.21057   -8.69791   -0.60126   -1.07015    0.09541
  28.94358   -4.34417   -0.28594   -8.72662   -0.39516   -1.08542    0.57629
  29.01352   -4.21376   -0.12562   -8.70628   -0.65469   -0.90986   -0.34730
  29.03773   -4.29153   -0.12084   -8.74577   -0.73102   -0.91749   -0.56866
  29.06081   -4.29990   -0.18425   -8.69671   -0.68522   -0.77247   -0.56103
  29.10635   -4.26162   -0.30628   -8.68954   -0.50203   -0.79536   -0.26334
  29.22397   -4.04267   -0.00837   -8.76850   -0.76918   -1.15412   -1.04190
  29.24680   -4.18744   -0.10887   -8.67637   -0.67759   -1.36784   -0.64499
  29.27074   -4.23410   -0.20578   -8.70628   -0.62415   -1.32967   -0.46180
  29.31704   -4.22453   -0.29192   -8.67518   -0.57836   -1.20755   -0.75948
  29.36346   -4.17906   -0.22851   -8.69312   -0.76918   -1.35257   -1.49988
  29.43394   -4.16590   -0.14118   -8.71586   -0.88368   -1.78765   -2.15632
  29.47996   -4.09891   -0.16271   -8.71346   -0.69285   -2.19984   -1.59148
  29.50325   -4.15394   -0.24287   -8.60818   -0.73865   -2.40593   -1.40066
  29.54943   -4.30110   -0.10648   -8.42513   -0.80735   -2.96314   -1.82810
  29.59727   -4.97468   -0.13639   -8.75893   -1.72331   -4.01649   -1.21746
  29.62116   -4.89213   -0.09691   -8.77927   -1.15083   -2.73415   -0.85871
  29.64389   -4.78684   -0.07657   -8.58425   -0.44860   -1.91742   -0.43126
  29.69047   -4.49133   -0.10050   -8.73141   -0.01351   -0.71140   -0.27860
  29.71355   -4.05583   -0.06461   -8.64288   -0.03641   -0.89459   -0.15648
  29.75952   -4.23769   -0.37687   -8.48734   -0.70812   -2.37540   -0.08778
  29.78335   -4.29153   -0.42473   -8.56511   -1.18136   -2.85627   -0.49233
  29.82974   -4.40878   -0.05862   -8.55195   -1.21953   -3.00893   -0.52286
  29.85324   -4.54277   -0.02154   -8.55075   -1.32639   -3.13870   -0.08015
  29.87623   -4.49851   -0.08495   -8.57827   -1.12030   -2.81811    0.03435
  29.96923   -4.50210   -0.12203   -8.58066   -0.38753   -1.93268   -0.30914
  30.01571   -4.42074   -0.21296   -8.54716   -0.51729   -2.23800   -0.25571
  30.06235   -4.48774   -0.13519   -8.55554   -0.86078   -2.86391   -0.16411
  30.08513   -4.53679   -0.10768   -8.57229   -0.83788   -2.91734   -0.08015
  30.15474   -4.53799   -0.13759   -8.54836   -0.56309   -2.45936   -0.07251
  30.17775   -4.59422   -0.11964   -8.52682   -0.50966   -2.45173   -0.02672
  30.22570   -4.57986   -0.15673   -8.53998   -0.50966   -2.55859   -0.17174
  30.29498   -4.55952   -0.14477   -8.51964   -0.66995   -2.94787    0.00382
  30.34098   -4.61217   -0.16271   -8.48495   -0.73102   -3.10053    0.02672
  30.38758   -4.67318   -0.08495   -8.44068   -0.77681   -3.25319   -0.11068
  30.41192   -4.66122   -0.07777   -8.48256   -0.70812   -3.17686    0.00382
  30.43441   -4.71625   -0.15793   -8.44307   -0.73865   -3.31425    0.04198
  30.45773   -4.72582   -0.17348   -8.49093   -0.73102   -3.36005   -0.05725
  30.48065   -4.75215   -0.13639   -8.48615   -0.67759   -3.39058   -0.13358
  30.52686   -4.66959   -0.08614   -8.45145   -0.64705   -3.50508    0.11831
  30.55088   -4.72941   -0.12562   -8.44786   -0.64705   -3.84856    0.20227
  30.57357   -4.71386   -0.13280   -8.45265   -0.68522   -3.92489    0.21754
  30.59729   -4.77488   -0.16869   -8.43948   -0.83788   -4.23785    0.11831
  30.64392   -4.83709   -0.09452   -8.37368   -0.89131   -4.49737   -0.03435
  30.69074   -4.90888   -0.10050   -8.39402   -0.85314   -4.38287   -0.04198
  30.71338   -4.93041   -0.12084   -8.41077   -0.85314   -4.21495   -0.04198
  30.73737   -4.94716   -0.11605   -8.40958   -0.76155   -4.14625   -0.06488
  30.76034   -4.89811   -0.10169   -8.37966   -0.64705   -3.90963   -0.16411
  30.78326   -4.93161   -0.07059   -8.33300   -0.65469   -4.00122   -0.11831
  30.80819   -4.87418   -0.08734   -8.36650   -0.58599   -3.83330   -0.07251
  30.83060   -4.97109   -0.09930   -8.31147   -0.71575   -4.17678    0.04198
  30.85431   -4.90170   -0.13041   -8.37129   -0.76918   -4.07755   -0.00382
  30.92319   -5.01416   -0.05743   -8.32463   -0.65469   -4.36761   -0.12594
  30.97037   -4.96271   -0.08375   -8.26840   -0.63942   -4.42867   -0.08778
  31.01700   -5.02373   -0.12084   -8.26601   -0.67759   -4.65766   -0.17174
  31.06311   -5.07877   -0.07777   -8.22772   -0.66995   -4.88665   -0.21754
  31.08635   -5.13619   -0.08016   -8.29831   -0.63942   -4.87902   -0.26334
  31.10909   -5.15055   -0.06820   -8.22533   -0.70048   -4.94772   -0.19464
  31.17904   -5.17209   -0.06461   -8.22772   -0.66232   -4.91718   -0.16411
  31.24856   -5.23789   -0.09452   -8.14278   -0.77681   -5.17671   -0.20991
  31.29531   -5.26541   -0.10289   -8.09133   -0.68522   -5.38280   -0.42363
  31.36596   -5.31087   -0.01675   -8.09970   -0.60889   -5.75681   -0.24044
  31.38877   -5.31446   -0.06700   -8.05903   -0.64705   -6.01634   -0.14121
  31.45935   -5.39821   -0.06700   -8.03151   -0.72338   -6.57355   -0.27860
  31.52848   -5.56212   -0.03230   -8.00519   -0.76155   -6.71857   -0.22517
  31.69146   -5.67458   -0.05982   -7.88196   -0.76155   -6.77964   -0.10305
  31.71496   -5.70329   -0.05503   -7.92264   -0.71575   -6.63461   -0.17174
  31.87710   -5.78943   -0.06580   -7.75275   -0.68522   -7.45134   -0.21754
  31.92377   -5.85045   -0.02991   -7.69891   -0.76918   -7.64217   -0.20227
  32.04037   -5.91984   -0.03948   -7.68814   -1.08213   -8.08488    0.09541
  32.06401   -5.98206   -0.00239   -7.56491   -1.25769   -8.50469    0.26334
  32.08695   -5.95215   -0.00957   -7.62473   -1.35692   -8.75658    0.43890
  32.22613   -6.21177    0.00837   -7.40698   -2.11259  -11.12281    1.01901
  32.29625   -6.41755   -0.03230   -7.43689   -1.93703  -11.80215    0.35493
  32.31924   -6.48455    0.03350   -7.44048   -1.86070  -11.68002   -0.07251
  32.34293   -6.52403    0.06102   -7.38425   -1.62408  -11.22204   -0.55339
  32.43552   -6.74537    0.13639   -7.20479   -0.94474   -9.59621   -0.69842
  32.45919   -6.73939    0.07537   -7.27298   -0.93711   -9.23746   -0.33204
  32.48271   -6.73460    0.02871   -7.23231   -0.91421   -9.09244   -0.20991
  32.52826   -6.66640    0.05862   -7.06361   -0.92184   -8.81001   -0.31677
  32.55186   -6.66640    0.07178   -7.07318   -0.96764   -8.84818   -0.38547
  32.57506   -6.69272    0.07178   -7.05763   -0.97527   -9.12297   -0.35493
  32.59749   -6.69512    0.03111   -7.00738   -1.00580   -9.36722   -0.34730
  32.62093   -6.73101    0.00598   -7.01576   -1.05160   -9.63438   -0.38547
  32.71491   -7.60678    0.06580   -7.49911    0.90245   -5.00115   -1.84337
  32.78373   -7.31486    0.48814   -7.22872    4.80291    2.83794   -3.86611
  32.80748   -7.03729    0.40439   -6.95354    4.37546    3.28829   -2.14106
  32.83014   -6.74058   -0.03350   -7.04686    4.32966    2.24257   -0.76712
  32.90016   -6.97029   -0.00957   -7.09233    4.39073   -0.24579   -0.46180
  32.97037   -6.91406   -0.09093   -6.97867    4.94030    1.86092   -1.65254
  33.01660   -6.82433   -0.23928   -7.15454    3.70376    0.07480   -0.03435
  33.04000   -6.55992   -0.39123   -6.95235    3.97091   -1.06252    0.60682
  33.06387   -6.71546   -0.36012   -6.78246    3.76482   -0.95566    0.53049
  33.11196   -6.98824   -0.22971   -7.46321    2.31455   -0.82590   -0.22517
  33.17922   -6.99901   -0.19860   -7.09592    3.43660   -1.51287    0.66789
  33.20310   -7.02892   -0.30867   -7.03011    2.97862   -1.19991    0.62209
  33.22555   -6.94397   -0.41994   -6.98465    2.57407   -0.62744    0.36257
  33.24962   -6.87578   -0.37208   -6.90210    2.59697   -0.86406    0.07251
  33.29552   -7.01217   -0.31107   -7.19163    1.55888   -0.81063   -0.00382
  33.36598   -7.02054   -0.27757   -6.99661    0.81848   -0.04733   -0.06488
  33.38869   -6.83271   -0.26680   -6.90329    0.94061   -0.07786    0.05725
  33.41134   -6.95833   -0.27039   -7.01097    1.29936   -0.37555    0.06488
  33.48183   -6.85424   -0.36132   -7.01576    1.04747   -0.68850   -1.08007
  33.50564   -6.89013   -0.40439   -6.95235    1.12380   -0.87933   -1.53805
  33.55216   -6.90808   -0.39123   -6.87458    1.78024   -1.76476   -1.63728
  33.59800   -6.95952   -0.19741   -6.84228    2.69620   -2.40593   -1.16403
  33.71548   -7.18804   -0.73579   -6.90210   -0.90658    1.76169   -1.09534
  33.78530   -6.94756   -0.33978   -6.99183   -1.94466    3.95236   -0.35493
  33.80806   -6.92483   -0.27398   -7.04686   -1.89887    3.40279   -0.04961
  33.83190   -6.88535   -0.29791   -6.90449   -1.83017    3.19669    0.10305
  33.85479   -6.84587   -0.26680   -6.77169   -1.41799    2.69292   -0.01908
  33.90170   -6.80519   -0.28355   -7.00738   -0.76918    2.09754   -0.33204
  33.92454   -6.78485   -0.32183   -6.88176   -0.63179    1.54033   -0.36257
  33.94838   -6.75135   -0.40080   -6.86381   -0.08984    0.89153   -0.58392
  33.97123   -6.73101   -0.32064   -6.88056    0.42920    0.43355   -0.82055
  34.01737   -6.99302   -0.28235   -7.20718    0.70399   -0.54348   -0.20991
  34.04045   -6.99901   -0.50728   -6.89253    0.60476   -0.37555   -0.16411
  34.08772   -7.12702   -0.54556   -6.96790   -0.86078    1.80749   -0.61446
  34.11048   -7.03131   -0.45823   -6.94636   -1.25006    2.70055   -0.64499
  34.13418   -6.90928   -0.36849   -6.93919   -1.48668    3.18906   -0.55339
  34.36668   -6.84706   -0.36251   -6.93440   -0.92184    2.11281   -0.50759
  34.38954   -6.84347   -0.27637   -6.94397   -0.71575    1.76932   -0.42363
  34.43645   -6.78844   -0.35174   -7.08395   -0.34173    1.47164   -0.12594
  34.66927   -6.77647   -0.27757   -6.98824   -0.10511    1.22738   -0.30914
  34.69358   -6.78485   -0.29192   -7.03729    0.17731    0.97549   -0.03435
  34.76258   -6.87578   -0.40080   -6.99781   -0.29594    1.36477   -0.20991
  34.78663   -6.83271   -0.35294   -7.01097   -0.16617    1.39531   -0.17938
  34.87914   -6.68076   -0.41276   -7.10788   -0.11274    1.42584    0.00382
  34.90274   -6.68914   -0.36491   -7.02413   -0.11274    1.31134   -0.14884
  34.99480   -6.73699   -0.38524   -7.11506    0.01702    1.38004   -0.01908
  35.01854   -6.75374   -0.41276   -7.11625    0.09335    1.43347   -0.01908
  35.08767   -6.69392   -0.36969   -7.01336   -0.06695    1.57087    0.12594
  35.13461   -6.68794   -0.40199   -7.14975    0.11625    1.34188   -0.05725
  35.15856   -6.78365   -0.34337   -7.11745   -0.01351    1.21211   -0.08778
  35.25150   -6.67597   -0.41157   -7.20718   -0.00588    1.39531   -0.01145
  35.29739   -6.65923   -0.41276   -7.11625   -0.14328    1.49454   -0.03435
  35.34438   -6.67717   -0.37567   -7.15215   -0.05168    1.25791   -0.25571
  35.41395   -6.60539   -0.43789   -7.19043    0.00175    1.48690    0.01145
  35.43661   -6.61257   -0.39601   -7.02293    0.07808    1.52507    0.01908
  35.46056   -6.60778   -0.40798   -7.08993    0.07808    1.35714    0.04961
  35.48331   -6.65803   -0.38644   -7.24307    0.10098    1.44874    0.10305
  35.53011   -6.64726   -0.41874   -7.17129   -0.00588    1.54033    0.07251
  35.57672   -6.65923   -0.38883   -7.15813    0.07045    1.29608   -0.08015
  35.62326   -6.62453   -0.46660   -7.14856   -0.05168    1.44874   -0.12594
  35.66923   -6.62453   -0.38046   -7.18565    0.02465    1.33424   -0.13358
  35.69285   -6.60898   -0.42951   -7.21675    0.00175    1.28081   -0.02672
  35.78689   -6.61257   -0.33500   -7.16650   -0.15091    1.47164   -0.14884
  35.83329   -6.54557   -0.46660   -7.26820    0.11625    1.43347    0.05725
  35.87989   -6.59582   -0.40558   -7.25265    0.09335    1.39531    0.02672
  35.90264   -6.59821   -0.39840   -7.20120    0.00938    1.53270    0.03435
  35.92645   -6.56351   -0.39123   -7.22991   -0.00588    1.54797    0.12594
  35.95014   -6.59462   -0.41994   -7.27777   -0.02115    1.57087    0.11831
  35.99588   -6.64965   -0.40917   -7.18206    0.02465    1.33424    0.11831
  36.04216   -6.53241   -0.40798   -7.23709    0.05518    1.45637    0.13358
  36.11208   -6.50130   -0.41994   -7.25025   -0.02115    1.48690    0.28624
  36.15933   -6.54437   -0.43310   -7.26939   -0.05931    1.44110    0.30150
  36.20587   -6.55514   -0.36610   -7.23709   -0.12038    1.66246    0.38547
  36.22864   -6.47976   -0.39482   -7.23829   -0.05168    1.72353    0.52286
  36.27535   -6.48933   -0.41037   -7.31127   -0.06695    1.68536    0.75185
  36.32177   -6.49173   -0.37089   -7.24786   -0.17381    1.73116    0.86635
  36.34540   -6.48455   -0.37208   -7.31725   -0.05168    1.71589    0.97321
  36.36861   -6.41516   -0.41396   -7.31247   -0.08221    1.85329    1.07244
  36.46103   -6.38764   -0.37926   -7.31605   -0.48676    2.05174    1.75941
  36.48386   -6.38285   -0.35055   -7.38664   -0.54019    2.26547    2.18685
  36.53057   -6.71067   -0.45224   -7.29691   -0.08984    1.97541    1.46935
  36.55424   -6.72383   -0.26201   -7.32443    0.16204    1.21975    0.61446
  36.60076   -6.47378   -0.29432   -7.29332   -0.29594    1.86855    0.14121
  36.67018   -6.39003   -0.49173   -7.36989   -0.04405    1.47927    0.36257
  36.76412   -6.41396   -0.32901   -7.39263   -0.31120    1.83802    0.09541
  36.78748   -6.36610   -0.37807   -7.35793   -0.36463    1.80749   -0.03435
  36.81073   -6.35055   -0.42951   -7.39263   -0.26540    1.64720   -0.16411
  36.83428   -6.35175   -0.47976   -7.43689   -0.21961    1.49454   -0.30150
  36.88072   -6.29432   -0.42353   -7.46561   -0.51729    2.28837   -0.85871
  36.99656   -6.47259   -0.12203   -7.38186    0.09335    0.96023   -0.54576
  37.04356   -6.41755   -0.48574   -7.32682    0.04755    1.27318    0.42363
  37.06631   -6.47976   -0.37926   -7.43570   -0.11274    1.73116    0.44653
  37.11272   -6.29671   -0.33619   -7.38784   -0.30357    1.85329    0.65262
  37.15905   -6.26441   -0.35174   -7.44168   -0.07458    1.31134    0.48470
  37.18347   -6.21416   -0.34696   -7.43091    0.03992    0.96786    0.49233
  37.29909   -6.27996   -0.40798   -7.44766   -0.16617    1.30371    0.13358
  37.32189   -6.26202   -0.38883   -7.51346   -0.14328    1.38767    0.04961
  37.34506   -6.23570   -0.42233   -7.50628   -0.14328    1.28844   -0.21754
  37.41516   -6.27518   -0.33380   -7.49073   -0.27304    1.86855   -0.89688
  37.43817   -6.31466   -0.31226   -7.47877   -0.30357    1.78459   -0.68315
  37.60139   -6.28116   -0.35414   -7.53500   -0.20434    1.96778   -0.46180
  37.62422   -6.27039   -0.33619   -7.48834   -0.25777    1.86092   -0.55339
  37.69462   -6.27637   -0.44626   -7.50270   -0.28067    1.78459   -0.33967
  37.74013   -6.18066   -0.39242   -7.49671   -0.15091    1.99831   -0.52286
  37.78827   -6.17827   -0.34457   -7.57927   -0.17381    2.12044   -0.73658
  37.81198   -6.14238   -0.38166   -7.59482   -0.18907    2.19677   -0.75185
  37.90432   -6.11486   -0.40439   -7.57927   -0.05168    3.13563   -1.80520
  37.92720   -6.07777   -0.35414   -7.63550   -0.12038    3.32646   -2.25555
  37.99745   -5.77029   -0.51326   -7.44287    1.00167    5.38737   -6.37737
  38.02036   -5.67817   -0.56590   -7.40459    2.17716    6.58575   -9.22448
  38.06751   -5.25344   -0.42353   -6.95235    5.41355   13.45545  -18.75047
  38.11335   -3.24586    0.60658   -5.34557   17.00044    0.88390  -20.87244
  38.18363   -7.57568   -1.16530   -9.11306    2.77253    4.70803  -22.68146
  38.23008   -5.95095   -3.73161   -8.83669    2.14662   -9.90917   -3.72872
  38.27622   -6.89611   -1.57328   -7.59721    2.73437   -6.74910    1.07244
  38.32244   -6.96551    0.25364   -7.19163   -0.54019   -0.55111    0.42363
  38.36871   -5.83729   -0.89492   -7.70250   -1.50195   -0.07023    0.56103
  38.39246   -5.58006   -1.87119   -7.52184   -0.57072   -0.95566    1.52278
  38.41626   -5.43889   -2.14995   -7.51227    0.94061   -3.33715    1.82810
  38.43905   -5.41855   -1.53978   -7.57568    1.22303   -5.22250    1.63728
  38.46240   -5.64467   -0.65204   -7.43570    1.11617   -6.37509    0.94268
  38.48528   -5.80140   -0.10887   -7.30648    1.42912   -8.07725    0.14121
  38.53162   -5.74756   -0.90329   -7.42852    2.07029  -11.51210   -0.49996
  38.64819   -6.57069   -0.73579   -7.20359    2.04740  -13.00817   -1.29379
  38.67139   -6.64965   -0.61974   -7.08874    2.37561  -12.74101   -1.26326
  38.78928   -6.79322   -1.21914   -7.13659    2.23822  -10.20685    0.04961
  38.81252   -6.78724   -0.92842   -7.04447    1.98633   -9.93970    0.14884
  38.88165   -6.66162   -1.31845   -6.89611    2.16189   -9.20693    0.27860
  38.90529   -6.73101   -1.43091   -7.07199    2.52827   -9.16113    0.53049
  38.95154   -6.84826   -1.22632   -6.95952    1.96343   -8.81765    0.63736
  38.97434   -6.83390   -1.04806   -6.98585    1.96343   -8.73368    0.56103
  39.02168   -6.88176   -1.17607   -6.83390    2.53591   -8.68025    0.74422
  39.09089   -7.81257   -1.52662   -7.34477    0.14678   -5.69575    1.46935
  39.16076   -7.22752   -1.40818   -7.17727   -3.02855    4.44087    2.04946
  39.18402   -6.67837   -1.28136   -6.95474   -3.01328    4.02106    1.38539
  39.20767   -6.25005   -1.21675   -6.87697   -3.29570    1.89908    1.08770
  39.25454   -6.97388   -1.28375   -7.00020   -3.61629   -0.74957    0.16411
  39.30054   -7.14138   -1.08275   -6.78963   -4.10480    1.64720    0.38547
  39.32339   -7.05524   -1.21077   -6.88535   -4.17350    2.71582    0.54576
  39.39327   -6.73699   -1.08036   -6.89970   -4.10480    0.97549    0.22517
  39.41729   -6.87817   -1.10070   -6.89970   -4.12770    0.91443    0.09541
  39.44041   -6.95235   -1.10070   -6.92722   -4.19640    1.54033    0.04961
  39.46306   -6.96551   -1.09352   -6.86381   -4.40249    2.23494    0.20227
  39.48697   -6.86620   -1.13779   -6.95235   -4.37959    2.40286    0.27097
  39.53280   -6.73819   -1.01336   -6.86860   -4.39486    1.76932    0.27097
  39.55630   -6.84228   -1.03370   -6.99302   -4.34143    1.50217    0.17938
  39.57881   -6.93320   -0.98584   -6.96072   -4.43302    1.54797    0.04961
  39.62625   -6.88535   -0.96670   -6.88295   -4.37959    1.96778   -0.05725
  39.67222   -6.77049   -1.00499   -6.99661   -4.41776    1.91435   -0.09541
  39.71918   -6.85663   -0.97388   -7.02652   -4.34906    1.96778   -0.07251
  39.74197   -6.84467   -0.92602   -6.96551   -4.39486    1.93725   -0.04198
  39.83673   -6.70828   -0.91167   -7.02772   -4.50172    2.11281    0.13358
  39.92886   -6.87338   -0.75135   -7.01456   -4.33379    1.98305    0.62209
  39.95225   -6.81715   -0.80638   -7.06242   -4.24220    2.03648    0.76712
  39.97532   -6.77049   -0.81117   -7.04208   -4.22693    2.29600    0.73658
  39.99863   -6.73580   -0.78245   -7.06840   -4.07427    2.16624    0.59156
  40.06862   -6.69631   -0.66640   -6.98226   -4.33379    1.99831    0.09541
  40.13825   -6.70947   -0.88176   -7.07917   -4.25746    2.28837    0.79765
  40.20782   -6.65444   -0.59821   -7.05404   -4.30326    1.83802    0.64499
  40.25516   -6.72263   -0.69033   -7.20599   -4.15823    2.01358    0.75185
  40.27784   -6.70589   -0.72742   -7.09711   -4.36432    2.24257    0.88924
  40.30070   -6.66042   -0.68076   -7.07199   -4.21166    2.26547    1.00374
  40.32459   -6.66999   -0.58744   -7.14856   -4.24983    2.29600    1.08007
  40.39425   -6.71665   -0.54915   -7.24307   -4.37959    2.06701    1.03427
  40.44073   -6.62094   -0.59821   -7.24547   -4.10480    2.21967    0.74422
  40.46463   -6.49053   -0.49531   -7.09950   -4.44065    2.05174    0.63736
  40.51087   -6.27996   -0.22493   -7.24906   -2.95222   -0.56637    0.53813
  40.53377   -6.21655   -0.08375   -7.38664   -2.75376   -0.83353    1.35486
  40.55660   -5.70329    0.05145   -6.85065   -3.07435   -0.84880    2.87382
  40.64991   -7.38545   -0.58146   -6.69033    0.62002    2.34943    2.27845
  40.69707   -6.44507   -0.14596   -7.11745    0.25364    2.61659   -0.40073
  40.74302   -6.44746   -0.38764   -7.42373    0.51316    2.38760    0.90451
  40.86009   -6.37448   -0.10050   -7.35673    0.42920    2.63949    0.53813
  40.90690   -6.66760   -0.71545   -7.14497    0.31470    2.34180    0.53049
  40.97643   -6.41276   -0.39840   -7.39263    0.58949    2.45629    0.81291
  40.99947   -6.52164   -0.32183   -7.16172    0.19258    2.67765    0.88924
  41.02231   -6.58744   -0.43908   -7.31845    0.35287    2.56316    0.79765
  41.07017   -6.47259   -0.46062   -7.30409    0.33760    2.67002    0.67552
  41.16198   -6.52283   -0.46899   -7.31247    0.33760    2.44866    0.80528
  41.20854   -6.46780   -0.36251   -7.32323    0.20784    2.36470    0.54576
  41.23165   -6.46541   -0.39362   -7.34597    0.13915    2.37996    0.59156
  41.30200   -6.46182   -0.45703   -7.37229    0.13151    2.42576    0.67552
  41.32577   -6.48933   -0.43908   -7.39741    0.23074    2.40286    0.72132
  41.34841   -6.51326   -0.45703   -7.39980    0.20021    2.36470    0.79002
  41.37125   -6.41516   -0.46660   -7.33161    0.14678    2.34180    0.64499
  41.41778   -6.38884   -0.38405   -7.28854    0.01702    2.28837    0.62209
  41.46465   -6.38764   -0.43190   -7.31725    0.04755    2.36470    0.58392
  41.55725   -6.34218   -0.43549   -7.38186   -0.10511    2.15097    0.61446
  41.60372   -6.33141   -0.44148   -7.42373   -0.29594    2.06701    0.50759
  41.64996   -6.36371   -0.38883   -7.50389   -0.49439    1.96015    0.33967
  41.67474   -6.34577   -0.40558   -7.39382   -0.54019    1.95252    0.30150
  41.72036   -6.30509   -0.38883   -7.36989   -0.49439    2.02121    0.34730
  41.79025   -6.31346   -0.35533   -7.30170   -0.41043    1.90672    0.30150
  41.86100   -6.28475   -0.37567   -7.44527   -0.56309    1.83802    0.33967
  41.93071   -6.28236   -0.39362   -7.43570   -0.53256    1.84565    0.34730
  41.97739   -6.33978   -0.34098   -7.46920   -0.37990    1.92962    0.39310
  42.00011   -6.25603   -0.36730   -7.52064   -0.22724    2.14334    0.30914
  42.07116   -6.24048   -0.36251   -7.51586   -0.20434    2.21204    0.16411
  42.11694   -6.19861   -0.37807   -7.58525   -0.18907    2.22730    0.21754
  42.16328   -6.25245   -0.38166   -7.52782   -0.14328    2.21967    0.43126
  42.21013   -6.24766   -0.38764   -7.58285   -0.05168    2.37233    0.25571
  42.23301   -6.18305   -0.32901   -7.49073    0.09335    2.37996    0.20227
  42.25634   -6.21296   -0.32064   -7.57089    0.00938    2.31890    0.26334
  42.27953   -6.14597   -0.37328   -7.54337    0.00938    2.47156    0.28624
  42.30330   -6.17707   -0.42832   -7.56012   -0.05168    2.35706    0.30914
  42.32640   -6.18664   -0.42951   -7.58405   -0.03641    2.31127    0.21754
  42.34943   -6.16391   -0.38405   -7.55414   -0.11274    2.20440    0.27097
  42.44256   -6.17827   -0.34457   -7.56611   -0.10511    2.18914    0.27860
  42.46589   -6.10050   -0.39482   -7.63310   -0.15854    2.47919    0.27860
  42.48917   -6.10170   -0.38883   -7.57927   -0.06695    2.31890    0.24044
  42.55874   -6.12802   -0.32901   -7.62951   -0.01351    2.35706    0.20991
  42.65174   -6.04786   -0.37448   -7.63430    0.05518    2.43339    0.08778
  42.69794   -6.01915   -0.37089   -7.68814    0.00175    2.47156    0.21754
  42.72145   -6.07179   -0.39003   -7.58525   -0.13564    2.29600    0.22517
  42.74524   -6.06222   -0.39003   -7.75992   -0.09748    2.39523    0.19464
  42.79062   -5.99522   -0.36132   -7.69173   -0.05931    2.31890    0.31677
  42.83743   -6.00479   -0.37687   -7.69651   -0.04405    2.36470    0.26334
  42.86050   -6.01077   -0.36730   -7.66780   -0.14328    2.28073    0.20227
  42.90841   -5.99761   -0.37208   -7.67139   -0.15091    2.31127    0.17174
  42.95444   -6.01675   -0.35174   -7.72284   -0.11274    2.34180    0.15648
  43.00104   -5.97966   -0.37448   -7.69651    0.02465    2.41813    0.22517
  43.02420   -5.94257   -0.37567   -7.70489    0.07045    2.47919    0.15648
  43.07106   -5.91625   -0.34935   -7.72762    0.03228    2.44866    0.08778
  43.11884   -5.90668   -0.37807   -7.73360   -0.12038    2.22730    0.17938
  43.14218   -5.91865   -0.42114   -7.71925   -0.12038    2.30363    0.17938
  43.21137   -5.87438   -0.36491   -7.76471   -0.10511    2.34943    0.31677
  43.25768   -5.87199   -0.40319   -7.76471   -0.10511    2.37996    0.23281
  43.30474   -5.84327   -0.36610   -7.77787   -0.18907    2.36470    0.23281
  43.44382   -5.86361   -0.39123   -7.82932    0.04755    2.44866    0.24807
  43.48978   -5.81097   -0.34098   -7.79701   -0.03641    2.45629    0.22517
  43.53736   -5.82054   -0.39123   -7.80180   -0.11274    2.30363    0.31677
  43.56031   -5.77388   -0.39482   -7.87119   -0.15854    2.41050    0.27097
  43.60641   -5.75713   -0.32542   -7.86880   -0.12801    2.41813    0.38547
  43.67628   -5.75952   -0.37926   -7.89871   -0.13564    2.46393    0.33967
  43.69919   -5.72602   -0.33978   -7.87837   -0.11274    2.44866    0.30150
  43.74646   -5.73560   -0.36132   -7.90110   -0.08221    2.44866    0.27097
  43.83896   -5.74158   -0.37687   -7.94537   -0.06695    2.44866    0.29387
  43.86289   -5.68535   -0.36849   -7.87119   -0.05931    2.48683    0.28624
  43.90983   -5.67099   -0.35174   -7.92623   -0.08984    2.50209    0.36257
  43.93333   -5.67578   -0.36730   -7.91187   -0.12038    2.45629    0.33967
  43.95593   -5.68894   -0.36969   -7.95374   -0.15091    2.41813    0.34730
  44.00241   -5.60279   -0.33260   -7.92742   -0.15854    2.44103    0.42363
  44.02549   -5.61117   -0.34576   -7.93699   -0.12038    2.53262    0.48470
  44.18915   -5.55374   -0.30987   -7.99681   -0.15091    2.64712    0.32440
  44.25847   -5.57528   -0.30748   -7.97887   -0.26540    2.71582    0.51523
  44.28158   -5.51665   -0.31944   -8.01237   -0.26540    2.76925    0.65262
  44.30511   -5.52383   -0.33978   -8.04946   -0.30357    2.79978    0.75948
  44.37550   -5.36949   -0.25364   -8.03031   -0.51729    3.10510    1.11823
  44.39841   -5.30608   -0.22014   -7.91306   -0.83025    3.12036    1.52278
  44.42253   -5.39582   -0.33858   -7.91546   -1.00580    2.78451    1.72887
  44.44604   -5.08714   -0.46540   -7.00499   -2.66980    1.38004    1.78994
  44.49262   -5.79183   -0.70708   -8.71107   -2.48661    0.54804    0.74422
  44.51652   -5.62912   -0.47139   -7.81257   -1.52485    1.36477   -0.06488
  44.54074   -5.66261   -0.05503   -8.03988   -0.80735    1.92198   -0.14884
  44.58625   -5.65663   -0.10289   -7.99322    0.10861    3.25776    0.70605
  44.60986   -5.42812   -0.32901   -8.14876    0.00938    2.84558    0.38547
  44.70275   -5.45803   -0.32542   -8.04467   -0.44860    2.08991    0.03435
  44.79614   -5.35873   -0.19023   -8.10688   -0.25014    2.15861   -0.42363
  44.81887   -5.30489   -0.23928   -8.09372   -0.34937    2.11281   -0.59919
  44.84282   -5.37907   -0.29312   -8.16311   -0.32647    2.07464   -0.73658
  44.88906   -5.37069   -0.35653   -8.14038   -0.02878    2.23494   -0.62209
  44.91135   -5.32403   -0.35653   -8.14637    0.01702    2.25784   -0.57629
  44.95869   -5.30010   -0.26321   -8.14158   -0.15091    2.12807   -0.72895
  45.00475   -5.34557   -0.27159   -8.16431   -0.13564    2.00595   -0.76712
  45.05161   -5.35633   -0.26800   -8.12722   -0.07458    2.18914   -0.79765
  45.07428   -5.26780   -0.29073   -8.15952   -0.05931    2.31127   -0.61446
  45.12080   -5.25584   -0.33141   -8.18465   -0.02878    2.20440   -0.65262
  45.19102   -5.24746   -0.24885   -8.16192   -0.12801    2.21967   -0.48470
  45.21376   -5.27258   -0.33739   -8.22533   -0.00588    2.25784   -0.55339
  45.26080   -5.25105   -0.32901   -8.20619    0.00938    2.27310   -0.82055
  45.30669   -5.19362   -0.29791   -8.19901   -0.05931    2.27310   -0.69842
  45.33006   -5.16371   -0.30150   -8.18345   -0.09748    2.26547   -0.56103
  45.35347   -5.15414   -0.34098   -8.20977   -0.01351    2.27310   -0.51523
  45.39970   -5.14218   -0.33260   -8.22892   -0.06695    2.23494   -0.45416
  45.42315   -5.18285   -0.28235   -8.18465   -0.11274    2.15097   -0.37020
  45.49244   -4.98904   -0.28235   -8.22413   -0.19671    2.25784    0.57629
  45.51554   -4.95912   -0.26201   -8.22174   -0.36463    2.24257    1.11060
  45.74854   -5.80738   -0.96191   -8.73500   -0.30357    1.61666   -2.08763
  45.81826   -4.88016   -0.28475   -8.38924    0.75742    3.99053    0.45416
  45.91147   -5.01296   -0.41515   -8.41556   -0.47913    2.02121   -0.35493
  45.98216   -4.82034   -0.42353   -8.36890    0.26891    3.22723   -0.02672
  46.00482   -4.66600   -0.23689   -8.30070    0.04755    2.79215    0.04198
  46.02856   -4.66242   -0.09811   -8.30070   -0.21961    2.50209   -0.22517
  46.09821   -4.81316   -0.27876   -8.37847    0.63529    1.34188   -0.83581
  46.19094   -4.59781   -0.31825   -8.41436    0.41393   -1.24571   -0.53813
  46.21473   -4.49492   -0.15793   -8.28156    0.18494   -2.30670   -0.33967
  46.23769   -4.50568   -0.16630   -8.32343    0.02465   -3.66537    0.01908
  46.26069   -4.59422   -0.28235   -8.30429   -0.21961   -4.83322    0.26334
  46.28336   -4.64686   -0.39123   -8.28874   -0.52493   -5.71865    0.39310
  46.44603   -5.19601   -0.27996   -8.31267   -0.08221   -4.97062   -0.05725
  46.46988   -5.20200   -0.33380   -8.33659   -0.01351   -4.54317   -0.21754
  46.56219   -4.96511   -0.29671   -8.18704   -0.05931   -5.33700    0.14121
  46.58609   -4.95434   -0.28953   -8.15594   -0.12801   -5.98581    0.21754
  46.67931   -5.11227   -0.32542   -8.07338   -0.56309   -8.84055    0.72895
  46.70221   -5.27617   -0.41157   -8.04108   -0.71575   -9.35196    0.76712
  46.74864   -5.59203   -0.29910   -8.17867   -0.83788   -8.79475    0.13358
  46.84160   -5.54537   -0.26800   -8.05783    0.19258   -5.68812   -0.12594
  46.86539   -5.35633   -0.35414   -7.96212    0.24601   -5.74155    0.01908
  46.88819   -5.49751   -0.42951   -7.92862    0.13915   -6.15373    0.06488
  46.91137   -5.38385   -0.38524   -7.96571   -0.11274   -6.69567    0.02672
  46.95789   -5.50110   -0.29192   -7.85324   -0.49439   -7.77193   -0.04198
  46.98151   -5.56929   -0.24407   -7.96930   -0.41043   -7.77956   -0.23281
  47.05123   -5.80738   -0.26082   -7.91306   -0.12038   -6.89413   -0.58392
  47.07421   -5.83490   -0.29312   -7.91665    0.03228   -6.55065   -0.49233
  47.09723   -5.82413   -0.31705   -7.97408    0.14678   -6.27586   -0.40837
  47.12007   -5.75235   -0.33260   -7.84248    0.12388   -6.17663   -0.38547
  47.16657   -5.73440   -0.28235   -7.79462   -0.02115   -6.40562   -0.29387
  47.25999   -5.85524   -0.32423   -7.78266   -0.02878   -7.16892   -0.35493
  47.30626   -5.87677   -0.30628   -7.66062   -0.05931   -7.17655   -0.41600
  47.32941   -5.93300   -0.30508   -7.71326    0.02465   -7.24525   -0.45416
  47.37619   -6.00479   -0.31825   -7.71446    0.07045   -7.46661   -0.56103
  47.39914   -5.97847   -0.32183   -7.64507    0.03228   -7.45897   -0.65262
  47.42247   -6.02273   -0.33978   -7.62234    0.14678   -7.52767   -0.69079
  47.53906   -5.88634   -0.44626   -7.49911    0.23837   -7.82536   -1.18693
  47.60899   -5.03211   -0.58265   -6.88774    7.85611   -8.97031  -10.29310
  47.65553   -4.51167   -0.50847   -4.22094   18.46598  -12.33646  -18.69703
  47.67837   -6.84108   -1.15932  -12.12204    4.71131  -22.40439  -15.55987
  47.81815   -6.96072    0.42832   -6.56232   -6.50156   -2.48226    0.04961
  47.86422   -6.18784    0.94756   -6.92363   -6.02069   -2.16930   -0.73658
  47.91154   -6.96910   -0.83749   -7.98724   -3.78422   -1.03199    0.16411
  47.95705   -6.53719   -1.04806   -7.19402   -0.97527    2.07464   -0.99611
  47.98081   -6.82553   -0.24407   -7.00499    0.16968    2.86848   -0.40073
  48.02861   -6.45942    0.13400   -7.05045    0.04755    1.42584    1.16403
  48.05152   -6.35893    0.02034   -7.18684   -0.74628    0.57858    1.21746
  48.07466   -6.49651   -0.37328   -7.38545   -1.19663    0.39538    0.92741
  48.12150   -6.56710   -0.98225   -7.60200   -0.99817    2.06701   -0.67552
  48.14413   -6.58864   -0.99661   -7.53261   -0.65469    3.07457   -1.59148
  48.16804   -6.74656   -0.29551   -6.77408   -0.12801    3.00587   -1.52278
  48.19105   -6.61017   -0.08495   -6.78246   -0.56309    1.87619    0.05725
  48.21387   -6.28475   -0.20818   -6.97029   -0.83025    1.11289    1.07244
  48.23769   -6.51566   -0.36730   -7.35314   -1.13557    0.21982    1.16403
  48.30717   -6.39721   -0.54437   -7.16890   -2.54767    0.44881   -0.85871
  48.33098   -6.61137   -0.29073   -7.02413   -2.66217   -0.23052   -0.35493
  48.35389   -6.81715   -0.36012   -7.62832   -2.08206    0.19693    0.43890
  48.39971   -6.70469   -0.02512   -7.02533   -0.34173    1.93725   -0.38547
  48.42347   -6.79921    0.02273   -7.33041    0.05518    2.39523   -0.07251
  48.44739   -6.54198   -0.17348   -7.18206    0.63529    2.66238   -0.07251
  48.47015   -6.45942   -0.36849   -7.49193    0.86428    3.01350   -0.14121
  48.53965   -6.33739   -0.63769   -7.19402    1.10090    2.98297    0.56866
  48.70313   -6.40080   -0.44746   -7.34716    0.42157    2.42576   -0.21754
  48.72581   -6.37209   -0.40439   -7.36870    0.48263    2.49446   -0.04961
  48.79537   -6.37807   -0.41994   -7.56012   -0.15854    1.91435   -0.17174
  48.81862   -6.46900   -0.30389   -7.19402    0.14678    1.89145   -0.04198
  48.88861   -6.29911   -0.39721   -7.26581    0.59713    2.39523    0.33204
  48.91144   -6.14955   -0.41874   -7.39980    0.62002    2.45629    0.35493
  48.95772   -6.13161   -0.42951   -7.32802    0.32234    2.17387    0.20227
  49.00490   -6.39960   -0.42951   -7.36750    0.23074    2.01358    0.14884
  49.02961   -6.43430   -0.41396   -7.41895    0.36814    2.13571    0.27860
  49.12234   -6.30150   -0.43310   -7.48475    0.23074    2.10518   -0.18701
  49.14544   -6.28236   -0.42233   -7.44168    0.25364    2.10518   -0.32440
  49.16869   -6.28953   -0.42114   -7.48475    0.26127    2.16624   -0.25571
  49.19203   -6.31227   -0.44506   -7.44886    0.36814    2.23494   -0.11831
  49.21459   -6.30868   -0.41157   -7.43570    0.48263    2.28073   -0.00382
  49.23838   -6.28116   -0.52044   -7.54577    0.74979    2.31890    0.06488
  49.28496   -6.21296   -0.42353   -7.45604    0.62766    2.39523    0.20991
  49.40055   -6.25603   -0.48335   -7.49911    0.81085    2.60895    0.24044
  49.42416   -6.22732   -0.42353   -7.53021    0.77268    2.68528    0.27097
  49.44805   -6.21536   -0.39003   -7.67498    0.97878    2.76925    0.43890
  49.51735   -6.08016   -0.26201   -7.48953    1.95580    3.70811    1.62965
  49.58722   -6.12323   -0.45583   -7.47637    2.39851    4.04396    1.95023
  49.61002   -6.19143   -0.57188   -7.40459    2.12373    3.80733    1.85100
  49.63322   -6.22852   -0.67956   -7.46680    1.76497    3.36462    1.32433
  49.65694   -6.15554   -0.63529   -7.51346    1.29173    3.12036    0.85871
  49.72644   -6.07179   -0.56471   -7.58405    0.73452    2.59369    0.46943
  49.74943   -6.12084   -0.50489   -7.61277    0.71162    2.41813    0.43126
  49.84244   -6.03829   -0.47617   -7.68814    0.81085    2.62422    0.35493
  49.88934   -6.01915   -0.52164   -7.67019    0.79558    2.63949    0.48470
  49.95914   -6.04786   -0.54915   -7.59960    0.63529    2.29600    0.14884
  49.98222   -6.00479   -0.54197   -7.60798    0.55133    2.37996    0.25571
  50.02890   -5.99522   -0.54556   -7.62473    0.55896    2.51736    0.12594
  50.05296   -6.01675   -0.52044   -7.64387    0.50553    2.39523    0.14884
  50.07635   -6.05264   -0.51685   -7.65464    0.49790    2.25784    0.26334
  50.10012   -5.99522   -0.54796   -7.67737    0.58186    2.34180    0.33967
  50.12295   -5.95095   -0.55274   -7.68216    0.65056    2.43339    0.35493
  50.16910   -5.95334   -0.52522   -7.70609    0.62002    2.37996    0.38547
  50.19293   -5.93420   -0.55394   -7.75394    0.55133    2.37233    0.36257
  50.30862   -5.89113   -0.55513   -7.71087    0.43683    2.21204    0.18701
  50.33164   -5.92941   -0.55513   -7.72882    0.41393    2.18914    0.08778
  50.37857   -5.87677   -0.51565   -7.75275    0.39103    2.32653   -0.06488
  50.40142   -5.86002   -0.53719   -7.76830    0.36050    2.28837   -0.01145
  50.42445   -5.84926   -0.59103   -7.68934    0.36050    2.25020   -0.08015
  50.44798   -5.93899   -0.54197   -7.81855    0.32234    2.29600   -0.09541
  50.47172   -5.83251   -0.54915   -7.77069    0.41393    2.39523   -0.06488
  50.49436   -5.88275   -0.56112   -7.75992    0.43683    2.30363    0.03435
  50.51824   -5.86002   -0.55155   -7.84248    0.38340    2.43339    0.09541
  50.54081   -5.85763   -0.57428   -7.79462    0.50553    2.34943    0.11831
  50.56412   -5.88754   -0.59342   -7.78864    0.40630    2.30363    0.11068
  50.61054   -5.82413   -0.53480   -7.79701    0.34524    2.17387    0.03435
  50.65759   -5.85165   -0.57667   -7.83290    0.37577    2.21967    0.08778
  50.79656   -5.80618   -0.57547   -7.84008    0.29181    2.21967   -0.20991
  50.84305   -5.70808   -0.58863   -7.87478    0.29944    2.36470   -0.41600
  50.86684   -5.76551   -0.54676   -7.84965    0.35287    2.24257   -0.31677
  50.91318   -5.79542   -0.59701   -7.88914    0.33760    2.22730   -0.13358
  50.95969   -5.73440   -0.59103   -7.91067    0.40630    2.33417   -0.04198
  51.00587   -5.69851   -0.56351   -7.94537    0.36814    2.32653   -0.08778
  51.05283   -5.69970   -0.63410   -7.94297    0.36814    2.31127    0.01145
  51.14700   -5.61595   -0.59940   -7.91187    0.38340    2.39523   -0.10305
  51.16977   -5.66261   -0.61496   -7.91187    0.37577    2.23494   -0.12594
  51.21674   -5.68056   -0.63649   -7.93580    0.29944    2.27310   -0.30914
  51.30960   -5.65185   -0.64606   -7.92862    0.36050    2.33417   -0.18701
  51.33344   -5.63510   -0.64726   -7.92623    0.36814    2.33417   -0.11068
  51.35601   -5.59322   -0.64367   -7.93101    0.41393    2.34943   -0.11068
  51.40267   -5.58963   -0.59342   -7.98246    0.36050    2.32653   -0.13358
  51.44883   -5.56690   -0.63410   -7.94776    0.46736    2.34943    0.04198
  51.47188   -5.54297   -0.68913   -7.92264    0.44447    2.34180    0.01145
  51.49583   -5.54656   -0.67717   -7.98963    0.43683    2.44103   -0.04198
  51.51866   -5.55015   -0.65803   -7.95374    0.36050    2.37233   -0.08778
  51.54236   -5.53460   -0.63529   -8.02672    0.37577    2.36470   -0.04198
  51.56500   -5.53221   -0.64247   -7.97887    0.43683    2.33417   -0.01908
  51.61162   -5.54776   -0.69033   -8.01955    0.41393    2.41050   -0.26334
  51.63423   -5.50469   -0.67358   -7.99083    0.36050    2.39523   -0.39310
  51.72861   -5.48196   -0.64128   -8.02074    0.43683    2.34180   -0.14884
  51.86712   -5.42812   -0.69033   -8.05544    0.43683    2.44103    0.11831
  51.96086   -5.34198   -0.68674   -8.06860    0.46736    2.39523   -0.02672
  52.05331   -5.37189   -0.70110   -8.11047    0.46736    2.38760   -0.20991
  52.10227   -5.27139   -0.66760   -8.09731    0.51316    2.62422    0.07251
  52.14793   -5.26780   -0.67119   -8.12961    0.42157    2.69292    0.72895
  52.19404   -5.16132   -0.52164   -8.14517    0.26127    3.08983    1.87390
  52.21786   -5.16371   -0.62453   -7.91905   -0.42570    4.63170    3.55316
  52.28750   -5.18884   -0.67238   -7.99562    0.53606    4.61643    0.03435
  52.31015   -4.57388   -0.17946   -8.10928    0.36050    3.31882   -0.06488
  52.33381   -5.10269   -0.50249   -8.10569    0.14678    2.38760    0.44653
  52.49639   -5.08236   -0.59462   -8.20020    0.28417    2.60132   -0.37020
  52.51944   -5.33001   -0.71665   -8.23968    0.32997    2.57079   -0.25571
  52.58951   -5.11466   -0.73220   -8.22413    0.54369    3.14326    0.05725
  52.61231   -5.02732   -0.65922   -8.24686    0.39103    2.96770    0.00382
  52.63569   -5.07159   -0.59940   -8.26840    0.16968    2.70055   -0.01145
  52.65852   -5.16969   -0.65683   -8.26720    0.21548    2.55552    0.01908
  52.72913   -5.17089   -0.72383   -8.28156    0.29944    2.93717    0.20991
  52.75198   -5.16371   -0.69511   -8.29951    0.19258    2.57842    0.43890
  52.79889   -5.16850   -0.71665   -8.30788   -0.08221    2.15097    0.69842
  52.84457   -5.16132   -0.65803   -8.28993   -0.15854    1.94488    1.05717
  52.89153   -5.12543   -0.73460   -8.32583   -0.34937    1.63956    1.31669
  52.93878   -5.03211   -0.73579   -8.30309   -0.34173    1.24265    1.20983
  53.00795   -5.05603   -0.70588   -8.31147   -0.27304    0.77703    0.76712
  53.03071   -5.03450   -0.69631   -8.29592   -0.22724    0.66254    0.59156
  53.07735   -5.03211   -0.74058   -8.28874   -0.18144    0.38775    0.32440
  53.12550   -5.01536   -0.67956   -8.30549   -0.12038    0.24272    0.12594
  53.14828   -5.03091   -0.66879   -8.31027   -0.13564    0.18929    0.11831
  53.19507   -5.00698   -0.68794   -8.31267   -0.08984    0.16639    0.07251
  53.21786   -5.00818   -0.70110   -8.31147   -0.12801    0.15113    0.06488
  53.24141   -4.99861   -0.71306   -8.31386   -0.13564    0.10533    0.07251
  53.28788   -5.01775   -0.69153   -8.31506   -0.14328    0.14349    0.08015
  53.33424   -5.00100   -0.68913   -8.30549   -0.11274    0.13586    0.08778
  53.35787   -5.01536   -0.68794   -8.30908   -0.10511    0.15113    0.08015
  53.38145   -5.00578   -0.70469   -8.30908   -0.11274    0.12823    0.09541
  53.42777   -5.01775   -0.69631   -8.32104   -0.10511    0.16639    0.08778
  53.45071   -5.01895   -0.69272   -8.32224   -0.12038    0.16639    0.07251
  53.59045   -5.01536   -0.69392   -8.31984   -0.12038    0.14349    0.08778
  53.61359   -5.00937   -0.69272   -8.31386   -0.12801    0.15113    0.09541
  53.65983   -5.00100   -0.69033   -8.31745   -0.08984    0.13586    0.08778
  53.72909   -5.00459   -0.69392   -8.30190   -0.12038    0.12060    0.09541
  53.77596   -5.01416   -0.68913   -8.29831   -0.10511    0.12823    0.10305
  53.82279   -5.02014   -0.68076   -8.30549   -0.14328    0.15876    0.09541
  53.93849   -5.00100   -0.69751   -8.30070   -0.14328    0.15113    0.06488
  53.96227   -5.00100   -0.69033   -8.32104   -0.11274    0.15113    0.07251
  54.00897   -4.99741   -0.69033   -8.31865   -0.09748    0.14349    0.04198
  54.03180   -5.00578   -0.67956   -8.31027   -0.10511    0.14349    0.04961
  54.07834   -5.01057   -0.69511   -8.30429   -0.14328    0.12823    0.04961
  54.19648   -5.01057   -0.68554   -8.31386   -0.12801    0.14349    0.08778
  54.21930   -5.00937   -0.69033   -8.30668   -0.08984    0.13586    0.06488
  54.24201   -4.99621   -0.70110   -8.29592   -0.08984    0.12823    0.06488
  54.26561   -5.00459   -0.69751   -8.29711   -0.10511    0.13586    0.10305
  54.28845   -5.00698   -0.68913   -8.32583   -0.05168    0.10533    0.09541
  54.35863   -5.00698   -0.69511   -8.30309   -0.06695    0.13586    0.08015
  54.42849   -5.01177   -0.68794   -8.31745   -0.12801    0.12060    0.10305
  54.49822   -5.00339   -0.68913   -8.30668   -0.12038    0.12060    0.08778
  54.54475   -4.99621   -0.69870   -8.32583   -0.08221    0.11296    0.09541
  54.56874   -5.00818   -0.68913   -8.32583   -0.09748    0.12060    0.10305
  54.59151   -5.00578   -0.69033   -8.32822   -0.09748    0.09770    0.11068
  54.66095   -5.01177   -0.69870   -8.30788   -0.09748    0.11296    0.09541
  54.70742   -5.00937   -0.67956   -8.30908   -0.12038    0.13586    0.08015
  54.75382   -5.00220   -0.70229   -8.31027   -0.08984    0.15113    0.08015
  54.84742   -4.99741   -0.69392   -8.29233   -0.11274    0.12060    0.04198
  54.87027   -5.01177   -0.69870   -8.30668   -0.09748    0.12060    0.06488
  54.91685   -5.00578   -0.69631   -8.32104   -0.08221    0.12823    0.06488
  54.93978   -5.01177   -0.69153   -8.32463   -0.08984    0.11296    0.08015
  54.96301   -5.00937   -0.69033   -8.31506   -0.15091    0.09006    0.09541
  55.00976   -5.02134   -0.67956   -8.30908   -0.12801    0.11296    0.08778
  55.03370   -5.01775   -0.69631   -8.31027   -0.12801    0.12060    0.09541
  55.07966   -5.01536   -0.69392   -8.30549   -0.09748    0.12060    0.08778
  55.10291   -5.01895   -0.68315   -8.30549   -0.08984    0.12823    0.09541
  55.12591   -5.01057   -0.69751   -8.29472   -0.11274    0.13586    0.08015
  55.14867   -5.00578   -0.69631   -8.29472   -0.10511    0.12060    0.08778
  55.19731   -5.00220   -0.69870   -8.30429   -0.12038    0.15876    0.09541
  55.22037   -5.00220   -0.69392   -8.30549   -0.12038    0.16639    0.05725
  55.24386   -5.00818   -0.68554   -8.32942   -0.14328    0.12823    0.06488
  55.26725   -5.00578   -0.68913   -8.34258   -0.12038    0.11296    0.05725
  55.31363   -5.00459   -0.69272   -8.32104   -0.14328    0.13586    0.08015
  55.35989   -4.99621   -0.70349   -8.30668   -0.13564    0.14349    0.06488
  55.38353   -5.00698   -0.68794   -8.30788   -0.15854    0.13586    0.08015
  55.42991   -5.01057   -0.69511   -8.30908   -0.12038    0.12060    0.05725
  55.45286   -5.01057   -0.69392   -8.31027   -0.12038    0.11296    0.04961
  55.47611   -5.00698   -0.68794   -8.30908   -0.13564    0.12060    0.06488
  55.52322   -4.99023   -0.70469   -8.31027   -0.13564    0.13586    0.04961
  55.68565   -5.00937   -0.68554   -8.31267   -0.11274    0.09770    0.08015
  55.70834   -5.01057   -0.69033   -8.31625   -0.14328    0.07480    0.09541
  55.73231   -5.00578   -0.69511   -8.31386   -0.14328    0.09770    0.10305
  55.80189   -5.00459   -0.69990   -8.29831   -0.13564    0.12823    0.09541
