%% LaTeX2e file `NodeRight.dat'
%% generated by the `filecontents' environment
%% from source `tikz/main-figure4' on 2019/06/11.
%%
Time omegaA omegaB effortA effortB pwmA pwmB refOmegaA refOmegaB errorOmegaA errorOmegaB powerA powerB
  22.48895    0.00000    0.00000    -0.47126   -0.36382    0.00000    0.00000    0.00000    0.00000    0.00000    0.00000   -5.77131   -4.45556
  22.53957    0.00000    0.00000    -0.47126   -0.32801    0.00000    0.00000    0.00000    0.00000    0.00000    0.00000   -5.77131   -4.01698
  22.59039    0.00000    0.00000    -0.72194   -0.57869   15.09375   15.09375   14.00000   14.00000   14.00000   14.00000   -8.84140   -7.08706
  22.64081    0.00000    0.00000    -3.73019   -3.01394   19.46875   19.46875   14.00000   14.00000   14.00000   14.00000  -44.55391  -35.99892
  22.68126    0.00000    0.00000     0.10174    0.24499   23.84375   23.84375   14.00000   14.00000   14.00000   14.00000    1.22511    2.95000
  22.73179    0.00000    0.00000    -3.12138   -3.12138   28.21875   28.21875   14.00000   14.00000   14.00000   14.00000  -38.10150  -38.10150
  22.80254    5.03496    0.00000    -1.00844   -1.47400   27.91875   32.59375   14.00000   14.00000    8.96504   14.00000  -12.24107  -17.89233
  22.84312    7.45175    2.24895    -1.18750   -1.54563   27.72188   34.88125   14.00000   14.00000    6.54825   11.75105  -14.32098  -18.63987
  22.89362    9.36503   11.44615    -1.40238   -1.76050   27.63125   29.67813   14.00000   14.00000    4.63497    2.55385  -16.73049  -21.00294
  22.94439   11.58042   13.76224    -0.54288   -0.29219   26.73438   26.94687   14.00000   14.00000    2.41958    0.23776   -6.57024   -3.53629
  22.99491   13.05734   13.49370    -2.58419   -2.51257   25.78750   26.92500   14.00000   14.00000    0.94266    0.50630  -31.27531  -30.40847
  23.03646   15.17202   14.06434    -0.00569    0.38824   23.90000   26.59375   14.00000   14.00000   -1.17202   -0.06434   -0.06891    4.69874
  23.08710   14.19860   13.29231    -0.86519   -0.72194   24.11875   27.20312   14.00000   14.00000   -0.19860    0.70769  -10.47104   -8.73735
  23.14774   13.15804   14.86993    -1.33075   -1.47400   25.16875   26.07500   14.00000   14.00000    0.84196   -0.86993  -15.89465  -17.60564
  23.19846   12.85594   15.40699    -0.79357   -0.65032   25.86875   25.06875   14.00000   14.00000    1.14406   -1.40699   -9.37480   -7.68252
  23.24900   14.46713   15.64196    -3.69438   -3.01394   24.77500   24.33125   14.00000   14.00000   -0.46713   -1.64196  -43.56741  -35.54309
  23.28960   14.06433   15.64196    -0.11313    0.06593   24.76250   23.78125   14.00000   14.00000   -0.06433   -1.64196   -1.34127    0.78167
  23.34020   15.03777   16.01119    -0.82938   -0.65032   23.90000   22.92813   14.00000   14.00000   -1.03777   -2.01119  -10.06750   -7.89394
  23.39120   15.74265   15.27272    -0.97263   -1.22332   22.77500   22.92813   14.00000   14.00000   -1.74265   -1.27272  -11.80635  -14.84934
  23.44171   14.29930   13.59442    -0.75776   -0.61451   23.46250   24.20000   14.00000   14.00000   -0.29930    0.40558   -9.17461   -7.44020
  23.48226   13.99721   13.86293    -7.09656   -5.91475   23.86563   24.32812   14.00000   14.00000    0.00279    0.13707  -84.66085  -70.56203
  23.55284   14.80280   15.94404    -0.54288   -0.32801   23.16562   22.40000   14.00000   14.00000   -0.80280   -1.94404   -6.57500   -3.97258
  23.59333   16.11189   16.74965    -1.36657   -0.90101   21.57812   20.73125   14.00000   14.00000   -2.11189   -2.74965  -16.55651  -10.91604
  23.64387   13.66154   15.80980    -0.04151    0.38824   22.99688   20.62500   14.00000   14.00000    0.33846   -1.80980   -0.49907    4.66820
  23.69459   14.23216   16.91748    -0.79357   -0.61451   22.94063   19.17188   14.00000   14.00000   -0.23216   -2.91748   -9.52927   -7.37907
  23.74509   12.62098   14.73566    -1.11588   -0.90101   24.27813   20.11875   14.00000   14.00000    1.37902   -0.73566  -13.35643  -10.78451
  23.78568   13.76223   12.45316    -0.72194   -0.54288   23.89062   22.33438   14.00000   14.00000    0.23777    1.54684   -8.52926   -6.41376
  23.83612   14.43357   14.36644    -3.04975   -3.08557   23.17188   21.38437   14.00000   14.00000   -0.43357   -0.36644  -36.06134  -36.48479
  23.88659   15.20559   14.39999    -0.04151    0.10174   22.21875   20.95312   14.00000   14.00000   -1.20559   -0.39999   -0.49627    1.21651
  23.94729   13.72868   14.53426    -0.68613   -0.57869   23.09688   20.69687   14.00000   14.00000    0.27132   -0.53426   -8.28370   -6.98660
  23.99796   12.85595   15.17204    -0.97263   -0.79357   24.21250   19.91875   14.00000   14.00000    1.14405   -1.17204  -11.80424   -9.63107
  24.04873   11.68110   14.56783    -0.72194   -0.50707   25.79062   20.01562   14.00000   14.00000    2.31890   -0.56783   -8.64174   -6.06966
  24.08902   12.55386   14.93706    -3.47950   -3.98088   25.88125   19.58750   14.00000   14.00000    1.44614   -0.93706  -41.27462  -47.22203
  24.13973   12.85595   13.79581    -0.61451   -0.29219   25.92188   20.29688   14.00000   14.00000    1.14405    0.20419   -7.37746   -3.50794
  24.19030   14.50069   11.68110    -2.44094   -0.86519   24.70938   22.49688   14.00000   14.00000   -0.50069    2.31890  -29.40156  -10.42140
  24.24085   13.82935   13.25874    -0.04151    0.53149   24.92813   22.07500   14.00000   14.00000    0.17065    0.74126   -0.49902    6.39002
  24.28128   13.79581   13.96362    -0.75776   -0.57869   25.11250   21.41562   14.00000   14.00000    0.20419    0.03638   -9.14600   -6.98475
  24.35210   12.35245   13.59444    -0.82938   -1.33075   26.52188   21.66250   14.00000   14.00000    1.64755    0.40556   -9.80561  -15.73327
  24.40279   13.59440   13.69507    -0.72194   -0.57869   26.10000   21.75000   14.00000   14.00000    0.40560    0.30493   -8.51670   -6.82680
  24.44328   14.26575   13.96366    -4.05250   -2.79907   25.41875   21.58125   14.00000   14.00000   -0.26575    0.03634  -48.39146  -33.42402
  24.49392   14.53426   14.23218    -0.22057   -0.00569   24.98438   21.30313   14.00000   14.00000   -0.53426   -0.23218   -2.58526   -0.06674
  24.54445   13.56083   14.39999    -0.90101   -0.61451   25.68125   21.03438   14.00000   14.00000    0.43917   -0.39999  -10.84276   -7.39501
  24.58500   13.19160   12.85595    -1.08007   -0.97263   26.30625   22.31875   14.00000   14.00000    0.80840    1.14405  -13.09254  -11.79018
  24.63569   12.92309   12.68810    -0.79357   -0.65032   26.86563   23.06250   14.00000   14.00000    1.07691    1.31190   -9.55938   -7.83378
  24.68624   14.63497   12.11750    -4.23156   -3.90925   25.65313   24.02813   14.00000   14.00000   -0.63497    1.88250  -50.54642  -46.69637
  24.74704   14.66854   14.06433    -0.68613   -0.39963   25.16562   22.89375   14.00000   14.00000   -0.66854   -0.06433   -8.25757   -4.80955
  24.79766   14.53426   15.27271    -2.26188   -1.61725   25.07812   21.46250   14.00000   14.00000   -0.53426   -1.27271  -27.21021  -19.45543
  24.84813   14.56783   15.33985     0.03012    0.45987   24.90000   20.81875   14.00000   14.00000   -0.56783   -1.33985    0.35688    5.44897
  24.89858   12.25174   14.66854    -0.75776   -0.61451   26.86563   21.01562   14.00000   14.00000    1.74826   -0.66854   -9.13707   -7.40975
  24.93896   12.15103   13.42655    -1.00844   -1.36657   27.85312   22.05938   14.00000   14.00000    1.84897    0.57345  -12.02490  -16.29526
  24.98990   13.82938   10.53989    -0.72194   -0.54288   26.88750   25.10312   14.00000   14.00000    0.17062    3.46011   -8.67602   -6.52412
  25.04058   15.00420   15.94402    -4.51806   -3.55113   25.60000   21.60312   14.00000   14.00000   -1.00420   -1.94402  -53.98603  -42.43217
  25.08099   14.66854   13.99719    -0.18476   -0.00569   25.42188   21.99063   14.00000   14.00000   -0.66854    0.00281   -2.18445   -0.06732
  25.15155   14.36638   14.50073    -0.82938   -0.61451   25.54375   21.81563   14.00000   14.00000   -0.36638   -0.50073  -10.06749   -7.45922
  25.20202   12.25182   14.13147    -1.11588   -1.00844   27.43750   21.92813   14.00000   14.00000    1.74818   -0.13147  -13.50958  -12.20887
  25.24283   13.12447   13.69507    -0.75776   -0.57869   27.49063   22.34688   14.00000   14.00000    0.87553    0.30493   -9.10617   -6.95432
  25.29332   12.75520   15.54131    -4.12413   -3.12138   27.97500   20.79375   14.00000   14.00000    1.24480   -1.54131  -49.10479  -37.16535
  25.34378   13.86299   12.68806    -0.65032   -0.39963   27.39062   22.68438   14.00000   14.00000    0.13701    1.31194   -7.77107   -4.77544
  25.39422   14.03076   13.05740    -2.54838   -1.25913   27.11250   23.17813   14.00000   14.00000   -0.03076    0.94260  -30.60969  -15.12396
  25.43479   14.76921   13.99719    -0.14894    0.06593   26.39375   22.54688   14.00000   14.00000   -0.76921    0.00281   -1.75967    0.77893
  25.48532   13.25874   13.19160    -0.79357   -0.61451   27.44375   23.15313   14.00000   14.00000    0.74126    0.80840   -9.37546   -7.25997
  25.54618   13.69507   13.69507    -0.86519   -1.65307   27.49688   23.05938   14.00000   14.00000    0.30493    0.30493  -10.46575  -19.99623
  25.59693   13.66158   13.59444    -0.75776   -0.57869   27.55625   23.17188   14.00000   14.00000    0.33842    0.40556   -9.11658   -6.96227
  25.64753   15.13847   13.76221    -4.33900   -3.22882   26.29688   23.15938   14.00000   14.00000   -1.13847    0.23779  -52.48514  -39.05618
  25.69812   14.56779   13.72871    -0.22057   -0.04151   26.25000   23.23750   14.00000   14.00000   -0.56779    0.27129   -2.66944   -0.50233
  25.73870   13.96362   13.76221    -1.08007   -0.68613   26.71875   23.29688   14.00000   14.00000    0.03638    0.23779  -13.07158   -8.30393
  25.78955   12.78885   12.88948    -1.00844   -1.25913   27.91250   24.17813   14.00000   14.00000    1.21115    1.11052  -12.07048  -15.07107
  25.84014   13.62793   12.85599    -0.82938   -0.68613   27.68750   24.68438   14.00000   14.00000    0.37207    1.14401   -9.76033   -8.07454
  25.89082   15.03777   12.88948    -1.25913   -5.01944   26.36875   25.01562   14.00000   14.00000   -1.03777    1.11052  -14.69430  -58.57787
  25.95166   15.74265   13.42659    -0.79357   -0.54288   25.17813   24.85938   14.00000   14.00000   -1.74265    0.57341   -9.43043   -6.45137
  26.00249   15.00420   13.32588    -1.58144   -1.86794   25.21563   25.05313   14.00000   14.00000   -1.00420    0.67412  -18.95249  -22.38599
  26.04304   13.12454   13.82935    -0.14894    0.24499   26.75625   24.81250   14.00000   14.00000    0.87546    0.17065   -1.75893    2.89323
  26.09350   12.48665   13.32588    -0.90101   -0.72194   27.90313   25.25625   14.00000   14.00000    1.51335    0.67412  -10.62613   -8.51434
  26.14409   13.42659   13.69514    -1.47400   -1.86794   27.60000   25.20000   14.00000   14.00000    0.57341    0.30486  -17.76771  -22.51624
  26.19462   14.16504   13.62793    -0.90101   -0.75776   26.95312   25.30313   14.00000   14.00000   -0.16504    0.37207  -10.58810   -8.90471
  26.23497   14.70207   12.92305    -4.23156   -4.01669   26.29062   26.08125   14.00000   14.00000   -0.70207    1.07695  -49.35023  -46.84427
  26.28548   15.33989   13.76228    -0.32801   -0.14894   25.40000   25.74688   14.00000   14.00000   -1.33989    0.23772   -3.91749   -1.77889
  26.34641   13.12447   14.36646    -0.93682   -0.79357   26.94063   25.13437   14.00000   14.00000    0.87553   -0.36646  -11.07788   -9.38395
  26.39692   12.95670   14.53423    -0.61451   -0.68613   27.70312   24.77188   14.00000   14.00000    1.04330   -0.53423   -7.27558   -8.12360
  26.44759   13.46008   13.72871    -0.97263   -0.79357   27.58750   25.32812   14.00000   14.00000    0.53992    0.27129  -11.73627   -9.57561
  26.49850   14.86992   15.74265    -1.97538   -5.16269   26.37188   23.66562   14.00000   14.00000   -0.86992   -1.74265  -23.53910  -61.51984
  26.53892   14.43359   15.70908    -0.93682   -0.68613   26.29375   22.85000   14.00000   14.00000   -0.43359   -1.70908  -10.83493   -7.93557
  26.58963   13.99719   15.23918    -2.58419   -1.58144   26.62813   22.75625   14.00000   14.00000    0.00281   -1.23918  -31.04752  -19.00008
  26.64006   12.88956   13.35938    -0.18476    0.20918   27.72188   24.18438   14.00000   14.00000    1.11044    0.64062   -2.16174    2.44752
  26.69052   13.76221   13.69514    -0.97263   -0.82938   27.42500   24.35625   14.00000   14.00000    0.23779    0.30486  -11.49098   -9.79857
  26.75111   13.59444   14.70207    -1.00844   -0.75776   27.52500   23.46563   14.00000   14.00000    0.40556   -0.70207  -12.15563   -9.13388
  26.80186   15.27267   15.17204    -0.90101   -0.72194   26.11875   22.65938   14.00000   14.00000   -1.27267   -1.17204  -10.90447   -8.73735
  26.84232   14.29932   15.03777    -4.51806   -3.08557   26.37188   22.34688   14.00000   14.00000   -0.29932   -1.03777  -54.62643  -37.30656
  26.89287   13.59444   15.37346    -0.43544   -0.25638   27.08125   21.73125   14.00000   14.00000    0.40556   -1.37346   -5.21349   -3.06961
  26.94335   12.21817   18.15941    -1.47400   -0.90101   28.59063   18.66562   14.00000   14.00000    1.78183   -4.15941  -17.21945  -10.52562
  26.99400   13.25874    8.82797    -0.79357   -0.50707   28.38750   25.60938   14.00000   14.00000    0.74126    5.17203   -9.60083   -6.13467
  27.03441   14.03076   13.93005    -1.08007   -0.93682   27.74688   23.88750   14.00000   14.00000   -0.03076    0.06995  -13.04434  -11.31427
  27.08487   15.60837   13.29231    -4.73294   -4.98363   26.15625   23.73750   14.00000   14.00000   -1.60837    0.70769  -55.81319  -58.76942
  27.14566   13.12447   14.26575    -0.97263   -0.79357   27.72188   23.15000   14.00000   14.00000    0.87553   -0.26575  -11.57242   -9.44192
  27.19632   12.72171   13.32588    -3.08557   -1.65307   28.74375   23.79375   14.00000   14.00000    1.27829    0.67412  -36.59278  -19.60429
  27.24670   11.58043   13.56079    -0.39963    0.10174   30.26250   23.92813   14.00000   14.00000    2.41957    0.43921   -4.73403    1.20526
  27.29722   12.11746   13.32588    -1.50982   -1.08007   30.69063   24.24688   14.00000   14.00000    1.88254    0.67412  -18.27264  -13.07158
  27.33775   12.41959   13.93013    -0.86519   -1.47400   30.91875   23.93125   14.00000   14.00000    1.58041    0.06987  -10.46965  -17.83685
  27.38890   14.46709   16.71608    -1.18750   -1.00844   29.46563   21.27813   14.00000   14.00000   -0.46709   -2.71608  -14.29034  -12.13552
  27.43942   15.10490   10.20416    -6.02219   -3.94506   28.42188   26.05625   14.00000   14.00000   -1.10490    3.79584  -70.42967  -46.13766
  27.49009   15.87692   13.79578    -0.57869   -0.36382   27.26250   24.88437   14.00000   14.00000   -1.87692    0.20422   -6.81328   -4.28344
  27.55074   12.08389   12.78885    -1.36657   -1.18750   30.08125   25.34375   14.00000   14.00000    1.91611    1.21115  -16.19164  -14.07004
  27.60139    4.63226   14.33289    -0.82938   -0.86519   38.16563   24.44063   14.00000   14.00000    9.36774   -0.33289   -9.74479  -10.16557
  27.64195   16.04477   13.25867    -1.86794   -1.08007   31.61875   25.10312   14.00000   14.00000   -2.04477    0.74133  -22.09359  -12.77479
  27.69261   14.29932   12.31888    -1.08007   -3.94506   30.88750   26.36875   14.00000   14.00000   -0.29932    1.68112  -12.86485  -46.99027
  27.74309   16.14532   16.95114    -1.15169   -0.97263   29.34375   22.73438   14.00000   14.00000   -2.14532   -2.95114  -13.23660  -11.17860
  27.79374   14.46716   12.08389    -3.01394   -2.08282   29.95312   25.63437   14.00000   14.00000   -0.46716    1.91611  -35.32888  -24.41441
  27.83455   14.19861   13.46008    -0.47126   -0.18476   30.30938   25.68750   14.00000   14.00000   -0.19861    0.53992   -5.61379   -2.20089
  27.88506   16.07834   11.44623    -1.25913   -1.18750   28.54062   27.51875   14.00000   14.00000   -2.07834    2.55377  -15.15604  -14.29390
  27.94592   15.67551   12.75528    -1.18750   -1.36657   27.98438   27.40313   14.00000   14.00000   -1.67551    1.24472  -13.55006  -15.59325
  27.99657   16.88400   13.96362    -1.22332   -1.04426   26.40000   26.47500   14.00000   14.00000   -2.88400    0.03638  -14.18036  -12.10471
  28.04702   15.60837   14.73557    -4.37481   -5.19850   26.50000   25.58750   14.00000   14.00000   -1.60837   -0.73557  -52.11491  -61.92706
  28.09767   13.69507   14.63501    -0.57869   -0.36382   27.96563   25.33438   14.00000   14.00000    0.30493   -0.63501   -6.96196   -4.37691
  28.13836   13.66150   13.72864    -1.43819   -1.18750   28.37813   25.99375   14.00000   14.00000    0.33850    0.27136  -17.30217  -14.28627
  28.18892   15.30624   14.43359    -4.41063   -4.12413   26.96250   25.55938   14.00000   14.00000   -1.30624   -0.43359  -52.52937  -49.11724
  28.23949   15.94406   13.35938    -1.25913   -1.08007   25.71563   26.31563   14.00000   14.00000   -1.94406    0.64062  -14.43339  -12.38080
  28.29010   15.27283   14.33289    -1.47400   -1.61725   25.63437   25.77188   14.00000   14.00000   -1.27283   -0.33289  -16.98885  -18.63990
  28.35094   15.07126   14.43359    -1.08007   -0.86519   25.52500   25.43125   14.00000   14.00000   -1.07126   -0.43359  -12.45264   -9.97524
  28.40152   12.68814   14.70215    -2.08282   -1.90375   27.43438   25.03125   14.00000   14.00000    1.31186   -0.70215  -24.93006  -22.78679
  28.44198   13.86292   15.17197    -0.25638    0.03012   27.10938   24.33438   14.00000   14.00000    0.13708   -1.17197   -3.08124    0.36197
  28.49263   14.70215   12.25174    -0.93682   -0.75776   26.19687   26.60938   14.00000   14.00000   -0.70215    1.74826  -11.27038   -9.11617
  28.54329   14.33289   14.46716    -0.72194   -1.11588   26.19375   25.53750   14.00000   14.00000   -0.33289   -0.46716   -8.69623  -13.44144
  28.59388   15.70908   17.95807    -0.79357   -0.68613   24.86875   21.81875   14.00000   14.00000   -1.70908   -3.95807   -9.56699   -8.27176
  28.63438   13.82935   14.13147    -3.04975   -2.40513   25.87188   23.60938   14.00000   14.00000    0.17065   -0.13147  -36.69008  -28.93492
  28.68517   14.50073   11.91605    -0.36382   -0.11313   25.58438   26.19687   14.00000   14.00000   -0.50073    2.08395   -4.38859   -1.36465
  28.74601   14.43359   13.49365    -0.72194   -0.75776   25.39062   25.71563   14.00000   14.00000   -0.43359    0.50635   -8.68642   -9.11732
  28.79654   15.91049   14.80286    -0.25638   -0.50707   23.89375   24.42500   14.00000   14.00000   -1.91049   -0.80286   -3.08439   -6.10028
  28.84709   14.03076   14.93713    -0.68613   -0.54288   24.82187   23.85312   14.00000   14.00000   -0.03076   -0.93713   -8.27257   -6.54543
  28.89796   14.03076   15.80978    -3.73019   -5.77150   25.09375   22.72812   14.00000   14.00000   -0.03076   -1.80978  -44.17195  -68.34461
  28.93847   12.78870   16.07834    -0.65032   -0.43544   26.23750   21.78438   14.00000   14.00000    1.21130   -2.07834   -7.69116   -5.14989
  28.98898   15.23926   14.90341    -2.15444   -1.36657   24.52500   22.18438   14.00000   14.00000   -1.23926   -0.90341  -25.80817  -16.37018
  29.03969   16.44745   13.29239    -0.00569    0.28081   22.65000   23.57187   14.00000   14.00000   -2.44745    0.70761   -0.06640    3.27483
  29.09061   14.70215   13.56079    -0.68613   -0.47126   23.32500   23.78750   14.00000   14.00000   -0.70215    0.43921   -7.95889   -5.46641
  29.15135   15.00427   14.56787    -1.22332   -1.43819   23.08750   22.95000   14.00000   14.00000   -1.00427   -0.56787  -14.71712  -17.30217
  29.20227   12.88940   15.03769    -0.68613   -0.47126   24.69063   22.18438   14.00000   14.00000    1.11060   -1.03769   -8.25449   -5.66944
  29.24283   12.92313   14.43359    -2.97813   -2.33350   25.32187   22.35000   14.00000   14.00000    1.07687   -0.43359  -35.89944  -28.12891
  29.29335   12.99026   14.06433    -0.29219   -0.04151   25.59063   22.64688   14.00000   14.00000    1.00974   -0.06433   -3.52576   -0.50084
  29.34376   15.40695   14.60144    -0.72194   -0.57869   23.65313   22.18438   14.00000   14.00000   -1.40695   -0.60144   -8.62921   -6.91698
  29.39417   15.91049   14.66843     0.45987    0.35243   22.38437   21.85312   14.00000   14.00000   -1.91049   -0.66843    5.46991    4.19199
  29.43453   14.93698   13.19168    -0.72194   -0.54288   22.61563   23.00625   14.00000   14.00000   -0.93698    0.80832   -8.68533   -6.53112
  29.48512   12.88956   13.09082    -6.20125   -6.16544   24.36875   23.57500   14.00000   14.00000    1.11044    0.90918  -74.57509  -74.14442
  29.54589   13.66150   13.93021    -0.65032   -0.50707   24.30625   23.09375   14.00000   14.00000    0.33850    0.06979   -7.59748   -5.92394
  29.59665   14.33289   12.72156    -1.72469   -1.15169   23.67500   24.11250   14.00000   14.00000   -0.33289    1.27844  -20.31115  -13.56312
  29.64771   14.70215   14.09790    -0.07732    0.28081   23.12500   23.41562   14.00000   14.00000   -0.70215   -0.09790   -0.90548    3.28851
  29.69829   13.52722   13.12454    -0.72194   -0.54288   23.94063   24.08125   14.00000   14.00000    0.47278    0.87546   -8.65449   -6.50793
  29.73869   13.93005   14.90341    -1.33075   -1.61725   23.89062   22.85000   14.00000   14.00000    0.06995   -0.90341  -15.80275  -19.20494
  29.78912   13.66165   12.55386    -0.68613   -0.50707   24.10312   24.48125   14.00000   14.00000    0.33835    1.44614   -8.17496   -6.04151
  29.83953   14.63486   13.19168    -3.40788   -3.55113   23.34688   24.69375   14.00000   14.00000   -0.63486    0.80832  -41.05455  -42.78027
  29.89004   15.23926   11.61392    -0.39963   -0.11313   22.44063   26.31563   14.00000   14.00000   -1.23926    2.38608   -4.79514   -1.35745
  29.95104   13.96362   12.21817    -0.75776   -1.22332   23.14688   26.73750   14.00000   14.00000    0.03638    1.78183   -9.03333  -14.58337
  30.00180   14.43359   12.92313     0.13756    0.17337   22.91250   26.54688   14.00000   14.00000   -0.43359    1.07687    1.64904    2.07836
  30.04237   11.81534   13.93005    -0.79357   -0.61451   25.13750   25.84375   14.00000   14.00000    2.18466    0.06995   -9.54702   -7.39281
  30.09303   12.21817   13.22525    -1.54563   -5.48500   25.83750   26.36875   14.00000   14.00000    1.78183    0.77475  -18.59469  -65.98727
  30.14383   13.66150   12.99011    -0.72194   -0.54288   24.99375   26.93438   14.00000   14.00000    0.33850    1.00989   -8.68533   -6.53112
  30.19430   15.30640   13.46024    -0.79357   -0.61451   23.35625   26.85000   14.00000   14.00000   -1.30640    0.53976   -9.54702   -7.39281
  30.23487   13.82935   12.28531    -0.11313    0.35243   24.07500   28.03750   14.00000   14.00000    0.17065    1.71469   -1.35833    4.23154
  30.28566   14.50058   13.56079    -0.82938   -0.65032   23.72500   27.56563   14.00000   14.00000   -0.50058    0.43921   -9.98221   -7.82706
  30.34639   12.45316   13.72864    -1.76050   -1.11588   25.36875   27.35625   14.00000   14.00000    1.54684    0.27136  -21.20220  -13.43883
  30.39751   12.35245   14.03076    -0.79357   -0.61451   26.25313   27.13750   14.00000   14.00000    1.64755   -0.03076   -9.54702   -7.39281
  30.44795   13.12454   14.16504    -4.76875   -4.73294   26.06563   26.95625   14.00000   14.00000    0.87546   -0.16504  -56.86504  -56.43799
  30.49865   14.16504   14.40002    -0.39963   -0.18476   25.25937   26.66562   14.00000   14.00000   -0.16504   -0.40002   -4.73716   -2.19007
  30.53918   14.16504   13.69507    -0.82938   -0.82938   25.05000   27.16250   14.00000   14.00000   -0.16504    0.30493   -9.97786   -9.97786
  30.58975   15.30624   14.40002    -0.14894   -0.14894   23.94063   26.70938   14.00000   14.00000   -1.30624   -0.40002   -1.79186   -1.79186
  30.64079   13.52737   14.09790    -0.82938   -0.65032   25.01250   26.75625   14.00000   14.00000    0.47263   -0.09790   -9.97786   -7.82365
  30.68125   13.89648   13.72864    -1.61725   -2.69163   25.08438   27.11563   14.00000   14.00000    0.10352    0.27136  -19.45637  -32.38163
  30.75225   13.29224   14.36646    -0.79357   -0.57869   25.62188   26.66250   14.00000   14.00000    0.70776   -0.36646   -9.54702   -6.96196
  30.80277   14.56787   13.62793    -1.65307   -2.08282   24.75000   27.13750   14.00000   14.00000   -0.56787    0.37207  -19.95867  -25.14735
  30.84316   14.40002   13.19168    -0.18476    0.06593   24.53438   27.77188   14.00000   14.00000   -0.40002    0.80832   -2.19969    0.78497
  30.89382   13.62793   13.09097    -0.86519   -0.79357   25.15313   28.18125   14.00000   14.00000    0.37207    0.90903  -10.00354   -9.17540
  30.94438   12.95670   14.39987    -1.61725   -0.93682   26.00625   27.26562   14.00000   14.00000    1.04330   -0.39987  -19.51178  -11.30247
  30.98511   13.29224   13.66165    -0.79357   -0.65032   26.12188   27.63125   14.00000   14.00000    0.70776    0.33835   -9.55377   -7.82918
  31.03555   14.13147   13.93005    -4.69713   -5.37756   25.51562   27.59688   14.00000   14.00000   -0.13147    0.06995  -56.61666  -64.81828
  31.08610   15.07141   12.31888    -0.54288   -0.29219   24.47500   29.07500   14.00000   14.00000   -1.07141    1.68112   -6.54037   -3.52021
  31.14698   13.69507   13.12439    -1.00844   -1.76050   25.27813   29.09375   14.00000   14.00000    0.30493    0.87561  -11.76571  -20.54018
  31.19759   13.35938   12.85599     0.24499   -0.32801   25.89062   29.49688   14.00000   14.00000    0.64062    1.14401    2.80145   -3.75067
  31.24811   12.31888   14.40002    -0.90101   -0.72194   27.10625   28.45938   14.00000   14.00000    1.68112   -0.40002  -10.50927   -8.42070
  31.29864   12.62100   13.76221    -1.79632   -2.01119   27.50625   28.69687   14.00000   14.00000    1.37900    0.23779  -21.66047  -24.25149
  31.33917   13.99719   14.50073    -0.82938   -0.68613   26.61563   28.18125   14.00000   14.00000    0.00281   -0.50073   -9.97964   -8.25597
  31.38956   15.40695   13.22510    -2.65582   -2.79907   25.10312   29.09688   14.00000   14.00000   -1.40695    0.77490  -31.95078  -33.67415
  31.44014   14.60144   13.09097    -0.29219   -0.00569   25.20000   29.65625   14.00000   14.00000   -0.60144    0.90903   -3.52323   -0.06865
  31.49072   13.49365   13.69507    -0.93682   -0.93682   26.15938   29.40000   14.00000   14.00000    0.50635    0.30493  -11.28092  -11.28092
  31.55121   12.65457   14.66858    -1.33075   -1.22332   27.26250   28.50000   14.00000   14.00000    1.34543   -0.66858  -15.40102  -14.15763
  31.60173   13.69522   14.26575    -0.90101   -0.72194   26.84375   28.51875   14.00000   14.00000    0.30478   -0.26575  -10.34325   -8.28767
  31.64226   14.33273   13.32581    -5.66406   -5.05525   26.19063   29.36875   14.00000   14.00000   -0.33273    0.67419  -66.36270  -59.22958
  31.69307   14.46716   12.01675    -0.75776   -0.50707   25.86563   30.93438   14.00000   14.00000   -0.46716    1.98325   -8.96680   -6.00032
  31.74351   13.69507   12.78885    -1.08007   -2.97813   26.41562   31.03438   14.00000   14.00000    0.30493    1.21115  -12.63439  -34.83747
  31.79408   13.19168   14.03076     0.06593   -0.57869   27.09375   30.14375   14.00000   14.00000    0.80832   -0.03076    0.79268   -6.95752
  31.83465   13.09097   14.09790    -1.04426   -0.90101   27.51562   29.88750   14.00000   14.00000    0.90903   -0.09790  -12.52663  -10.80824
  31.88513   14.26559   13.29239    -1.86794   -2.08282   26.72500   30.59375   14.00000   14.00000   -0.26559    0.70761  -21.93816  -24.46177
  31.94587   15.13855   12.95654    -0.90101   -0.72194   25.65625   31.24688   14.00000   14.00000   -1.13855    1.04346  -10.54738   -8.45123
  31.99632   14.50073   12.25174    -2.54838   -4.26738   25.76250   32.27813   14.00000   14.00000   -0.50073    1.74826  -30.48284  -51.04492
  32.04702   14.80286   13.69507    -0.43544   -0.11313   25.41875   31.59063   14.00000   14.00000   -0.80286    0.30493   -5.00741   -1.30096
  32.09764   11.94946   13.49365    -1.04426   -1.43819   27.77188   31.65625   14.00000   14.00000    2.05054    0.50635  -11.91359  -16.40791
  32.13906   13.22540   14.26575    -1.93957   -1.97538   27.65625   31.12813   14.00000   14.00000    0.77460   -0.26575  -22.66968  -23.08826
  32.18956   14.46686   13.99719    -1.04426   -0.82938   26.55625   31.17813   14.00000   14.00000   -0.46686    0.00281  -12.51969   -9.94353
  32.24211   16.48132   13.76251    -5.98638   -7.16819   24.35312   31.43750   14.00000   14.00000   -2.48132    0.23749  -71.93461  -86.13570
  32.28255   14.19861   12.48657    -0.72194   -0.54288   25.39375   32.73125   14.00000   14.00000   -0.19861    1.51343   -8.65614   -6.50917
  32.35342   14.23218   13.39294    -1.11588   -2.90650   25.64375   32.55313   14.00000   14.00000   -0.23218    0.60706  -13.35888  -34.79554
  32.39418   12.85583   12.92328    -0.00569    0.06593   26.84375   33.04375   14.00000   14.00000    1.14417    1.07672   -0.06829    0.79081
  32.44485   12.58728   14.39972    -1.04426   -0.97263   27.65625   32.08125   14.00000   14.00000    1.41272   -0.39972  -12.40070  -11.55014
  32.49538   12.25189   13.82965    -1.79632   -1.61725   28.45000   32.26250   14.00000   14.00000    1.74811    0.17035  -20.51034  -18.46581
  32.54583   13.29224   13.86292    -0.97263   -0.82938   28.08125   32.37188   14.00000   14.00000    0.70776    0.13708  -11.11868   -9.48111
  32.58613   13.22510   12.68799    -3.94506   -5.01944   28.20938   33.50000   14.00000   14.00000    0.77490    1.31201  -46.67837  -59.39046
  32.63654   13.42682   13.96362    -0.54288   -0.18476   28.27500   32.90000   14.00000   14.00000    0.57318    0.03638   -6.52346   -2.22010
  32.68723   11.91589   13.52722    -1.18750   -2.26188   29.82500   33.12500   14.00000   14.00000    2.08411    0.47278  -13.92553  -26.52440
  32.74836   13.15826   14.19861    -1.43819   -1.36657   29.55000   32.71563   14.00000   14.00000    0.84174   -0.19861  -16.30530  -15.49326
  32.79895   12.35229   14.19861    -1.08007   -0.90101   30.37500   32.55313   14.00000   14.00000    1.64771   -0.19861  -12.12341  -10.11349
  32.84958   14.43359   14.50073    -4.73294   -8.95881   29.07812   32.21250   14.00000   14.00000   -0.43359   -0.50073  -53.32854 -100.94367
  32.89008   13.82935   14.83643    -0.90101   -0.65032   29.19063   31.69687   14.00000   14.00000    0.17065   -0.83643  -10.35052   -7.47069
  32.94057   14.19861   15.33997    -1.97538   -2.26188   28.99375   30.91875   14.00000   14.00000   -0.19861   -1.33997  -23.62197  -27.04799
  32.99124   12.95654   15.67535    -0.18476   -0.25638   30.02813   30.11250   14.00000   14.00000    1.04346   -1.67535   -2.21605   -3.07515
  33.04191   13.79578   15.67566    -1.00844   -0.86519   29.76250   29.53750   14.00000   14.00000    0.20422   -1.67566  -11.88949  -10.20058
  33.08242   14.70215   16.01105    -1.25913   -1.79632   28.85938   28.70312   14.00000   14.00000   -0.70215   -2.01105  -14.87081  -21.21519
  33.15311   15.97778   14.36646    -0.90101   -0.68613   27.31875   29.55313   14.00000   14.00000   -1.97778   -0.36646  -10.51968   -8.01091
  33.19342   15.37323   13.93005    -2.76325   -2.87069   27.07187   30.08750   14.00000   14.00000   -1.37323    0.06995  -31.70557  -32.93831
  33.24398   13.52753   15.74280    -0.25638    0.03012   28.44375   28.49375   14.00000   14.00000    0.47247   -1.74280   -2.95471    0.34711
  33.29498   12.62085   16.44745    -0.90101   -0.68613   29.71250   27.02188   14.00000   14.00000    1.37915   -2.44745  -10.81085   -8.23264
  33.34545   13.66150   17.48810    -1.43819   -1.15169   29.31250   25.18750   14.00000   14.00000    0.33850   -3.48810  -17.28918  -13.84503
  33.38584   15.37354   15.77637    -0.75776   -0.61451   27.67188   25.52813   14.00000   14.00000   -1.37354   -1.77637   -8.82864   -7.15963
  33.43670   15.87677   15.03754    -5.59244   -3.87344   26.51875   25.91562   14.00000   14.00000   -1.87677   -1.03754  -64.59532  -44.74007
  33.48729   15.30640   11.71478    -0.61451   -0.36382   26.38750   28.78750   14.00000   14.00000   -1.30640    2.28522   -7.27675   -4.30821
  33.54781   13.15796   15.87677    -1.00844   -1.04426   28.05938   26.13750   14.00000   14.00000    0.84204   -1.87677  -12.00542  -12.43176
  33.59818   13.46008   15.91064     0.20918    0.38824   28.36250   24.89375   14.00000   14.00000    0.53992   -1.91064    2.50197    4.64370
  33.64867   13.39325   15.54138    -0.72194   -0.54288   28.55000   24.63437   14.00000   14.00000    0.60675   -1.54138   -8.55433   -6.43261
  33.68910   14.63470   15.40680    -1.22332   -4.73294   27.59688   24.33438   14.00000   14.00000   -0.63470   -1.40680  -14.27636  -55.23436
  33.73952   13.66180   15.54138    -0.68613   -0.54288   28.11563   23.79062   14.00000   14.00000    0.33820   -1.54138   -8.03988   -6.36132
  33.79024   14.53400   14.46716    -2.87069   -1.25913   27.55625   24.28438   14.00000   14.00000   -0.53400   -0.46716  -34.43938  -15.10565
  33.84113   13.69537   14.60144    -0.22057   -0.00569   28.03750   24.17500   14.00000   14.00000    0.30463   -0.60144   -2.65336   -0.06849
  33.88172   14.13147   14.80255    -0.72194   -0.54288   27.85312   23.78125   14.00000   14.00000   -0.13147   -0.80255   -8.44398   -6.34963
  33.95247   13.69507   14.97070    -1.36657   -1.15169   28.15313   23.34375   14.00000   14.00000    0.30493   -0.97070  -16.14510  -13.60650
  33.99288   14.80255   13.96362    -0.65032   -0.50707   27.28438   23.95000   14.00000   14.00000   -0.80255    0.03638   -7.78637   -6.07122
  34.04365   13.99750   15.13855    -4.66131   -2.83488   27.61563   23.02188   14.00000   14.00000    0.00250   -1.13855  -55.96741  -34.03779
  34.09425   13.19153   15.97748    -0.57869   -0.36382   28.48438   21.70938   14.00000   14.00000    0.80847   -1.97748   -6.80609   -4.27892
  34.14526   12.18445   14.36646    -1.04426   -0.50707   29.79375   22.46250   14.00000   14.00000    1.81555   -0.36646  -12.26902   -5.95757
  34.18589   13.12469   13.12469     0.17337    0.31662   29.64062   23.74063   14.00000   14.00000    0.87531    0.87531    2.05072    3.74517
  34.23656   13.93005   12.65442    -0.72194   -0.54288   29.02500   24.63750   14.00000   14.00000    0.06995    1.34558   -8.47865   -6.37571
  34.28706   15.33966   13.42651    -0.90101   -4.73294   27.61563   24.41250   14.00000   14.00000   -1.33966    0.57349  -10.83954  -56.93960
  34.34810   14.53430   13.82935    -0.68613   -0.47126   27.73438   24.10312   14.00000   14.00000   -0.53430    0.17065   -8.25945   -5.67285
  34.39858   12.92328   14.53430    -2.69163   -1.47400   29.18438   23.44063   14.00000   14.00000    1.07672   -0.53430  -32.38047  -17.73237
  34.44917   12.28516   15.17212    -0.22057    0.03012   30.35312   22.57500   14.00000   14.00000    1.71484   -1.17212   -2.55472    0.34885
  34.48969   12.25189   14.23218    -1.08007   -0.50707   31.01562   22.98750   14.00000   14.00000    1.74811   -0.23218  -12.53916   -5.88686
  34.54027   12.85583   13.15796    -1.22332   -1.50982   31.00625   24.05313   14.00000   14.00000    1.14417    0.84204  -14.47048  -17.85946
  34.59071   14.23218   12.31903    -0.65032   -0.50707   29.99688   25.25625   14.00000   14.00000   -0.23218    1.68097   -7.81018   -6.08978
  34.64148   14.87000   13.72864    -7.88444   -5.09106   29.12500   24.59688   14.00000   14.00000   -0.87000    0.27136  -93.79513  -60.56451
  34.68177   13.86292   13.76221    -0.61451   -0.43544   29.69375   24.44063   14.00000   14.00000    0.13708    0.23779   -7.12853   -5.05133
  34.75258   12.82227   14.36646    -2.22607   -0.65032   30.85312   23.94687   14.00000   14.00000    1.17773   -0.36646  -26.78068   -7.82365
  34.79298   12.78870   13.39294     0.24499    0.17337   31.40625   24.64688   14.00000   14.00000    1.21130    0.60706    2.94739    2.08571
  34.84356   13.39325   13.96362    -0.79357   -0.61451   31.23125   24.45312   14.00000   14.00000    0.60675    0.03638   -9.54702   -7.39281
  34.89418   14.36646   14.53430    -1.47400   -3.83763   30.42500   23.85000   14.00000   14.00000   -0.36646   -0.53430  -17.21100  -44.80949
  34.94486   13.39294   14.50073    -0.68613   -0.50707   31.06875   23.62813   14.00000   14.00000    0.60706   -0.50073   -7.96634   -5.88733
  34.98539   13.05725   14.19861    -3.69438   -2.15444   31.71563   23.75625   14.00000   14.00000    0.94275   -0.19861  -43.35555  -25.28355
  35.03590   12.72186   13.19153    -0.29219   -0.00569   32.37188   24.67500   14.00000   14.00000    1.27814    0.80847   -3.48157   -0.06784
  35.08650   13.72864   13.39294    -1.43819   -0.61451   31.88750   24.89062   14.00000   14.00000    0.27136    0.60706  -17.30217   -7.39281
  35.14731   14.23218   13.39294    -1.22332   -1.29494   31.35312   25.05000   14.00000   14.00000   -0.23218    0.60706  -14.71712  -15.57880
  35.19791   14.97040   14.29932    -0.75776   -0.54288   30.52188   24.40000   14.00000   14.00000   -0.97040   -0.29932   -9.11340   -6.52914
  35.24862   13.39325   14.43359    -6.95331   -4.87619   31.57187   24.04375   14.00000   14.00000    0.60675   -0.43359  -82.73476  -58.01988
  35.28904   12.65442   15.57495    -0.68613   -0.50707   32.68125   22.83125   14.00000   14.00000    1.34558   -1.57495   -8.10932   -5.99299
  35.33990   12.08405   14.36646    -2.94232   -0.72194   33.74375   23.28750   14.00000   14.00000    1.91595   -0.36646  -34.99586   -8.58678
  35.39032   12.85583   12.55371     0.10174   -0.00569   33.71250   25.03750   14.00000   14.00000    1.14417    1.44629    1.20214   -0.06727
  35.44089   13.96362   12.92297    -0.79357   -0.68613   32.92500   25.41875   14.00000   14.00000    0.03638    1.07703   -9.32070   -8.05882
  35.48125   15.27283   14.09790    -1.83213   -1.97538   31.55625   24.60938   14.00000   14.00000   -1.27283   -0.09790  -21.88165  -23.59252
  35.55214   14.16504   14.36646    -0.75776   -0.61451   31.99063   24.15313   14.00000   14.00000   -0.16504   -0.36646   -8.88675   -7.20675
  35.60269   13.12439   13.96362    -4.69713   -1.90375   33.06875   24.37188   14.00000   14.00000    0.87561    0.03638  -56.33953  -22.83451
  35.64330   12.28516   13.86322    -0.32801   -0.14894   34.27813   24.53750   14.00000   14.00000    1.71484    0.13678   -3.93426   -1.78650
  35.69416   12.85614   14.19861    -2.01119   -0.75776   34.40937   24.28438   14.00000   14.00000    1.14386   -0.19861  -24.11484   -9.08573
  35.74453   13.25867   13.82935    -1.33075   -1.18750   34.30938   24.51562   14.00000   14.00000    0.74133    0.17065  -15.56100  -13.88592
  35.78489   13.76221   13.39294    -0.79357   -0.68613   34.01250   25.02813   14.00000   14.00000    0.23779    0.60706   -9.42850   -8.15202
  35.83570   13.82935   13.59436    -3.98088   -1.79632   33.95000   25.09688   14.00000   14.00000    0.17065    0.40564  -47.74850  -21.54586
  35.88648   13.79578   13.82935    -0.75776   -0.57869   34.02188   24.97500   14.00000   14.00000    0.20422    0.17065   -8.97958   -6.85765
  35.94709   13.19183   13.52722    -3.44369   -1.33075   34.65313   25.27188   14.00000   14.00000    0.80817    0.47278  -40.45984  -15.63501
  35.99934   13.46008   13.39294     0.24499    0.28081   34.74688   25.59063   14.00000   14.00000    0.53992    0.60706    2.90479    3.32940
  36.05006   14.09790   13.89648    -0.86519   -0.72194   34.28437   25.33438   14.00000   14.00000   -0.09790    0.10352  -10.22812   -8.53466
  36.09050   15.03754   15.57495    -1.97538   -1.72469   33.28437   23.73125   14.00000   14.00000   -1.03754   -1.57495  -23.05280  -20.12726
  36.14117   13.66180   14.40002    -0.82938   -0.65032   34.09687   24.07812   14.00000   14.00000    0.33820   -0.40002   -9.61148   -7.53637
  36.19174   12.85583   13.66150    -4.84038   -1.90375   35.15625   24.81563   14.00000   14.00000    1.14417    0.33850  -58.24271  -22.90727
  36.24279   12.58728   12.75513    -0.47126   -0.22057   35.88438   25.87188   14.00000   14.00000    1.41272    1.24487   -5.68622   -2.66140
  36.28322   14.26575   13.22540    -1.97538   -0.75776   34.80938   25.96250   14.00000   14.00000   -0.26575    0.77460  -23.73048   -9.10301
  36.35438   15.91064   13.66150    -1.25913   -2.11863   32.94688   25.72812   14.00000   14.00000   -1.91064    0.33850  -15.10259  -25.41183
  36.39478   14.97070   14.26575    -0.82938   -0.68613   32.97500   25.20938   14.00000   14.00000   -0.97070   -0.26575   -9.94798   -8.22977
  36.44536   14.97040   15.17212    -3.90925   -4.66131   32.81250   24.19375   14.00000   14.00000   -0.97040   -1.17212  -45.96267  -54.80497
  36.49586   13.35968   14.73541    -0.75776   -0.61451   34.00625   24.09688   14.00000   14.00000    0.64032   -0.73541   -8.72172   -7.07292
  36.54642   13.09082   13.29254    -3.47950   -0.86519   34.69688   25.27188   14.00000   14.00000    0.90918    0.70746  -39.95548   -9.93510
  36.58686   13.15796   12.55371     0.06593    0.20918   34.95938   26.39375   14.00000   14.00000    0.84204    1.44629    0.76624    2.43105
  36.63738   15.17212   14.09790    -0.90101   -0.72194   33.34063   25.52500   14.00000   14.00000   -1.17212   -0.09790  -10.78779   -8.64387
  36.68799   15.30609   13.62793    -1.36657   -2.26188   32.55000   25.69687   14.00000   14.00000   -1.30609    0.37207  -16.39124  -27.13003
  36.74878   14.76929   14.43359    -0.82938   -0.65032   32.61875   25.13750   14.00000   14.00000   -0.76929   -0.43359   -9.49853   -7.44781
  36.79921   13.12469   14.90356    -4.84038   -2.40513   33.98438   24.44375   14.00000   14.00000    0.87531   -0.90356  -56.02996  -27.84066
  36.84972   13.72864   13.89648    -0.36382   -0.14894   33.94688   25.02500   14.00000   14.00000    0.27136    0.10352   -4.31264   -1.76555
  36.89008   14.66827   14.76929    -1.83213   -0.82938   33.06875   24.40000   14.00000   14.00000   -0.66827   -0.76929  -21.49023   -9.72834
  36.94087   14.73572   14.19861    -1.25913   -1.11588   32.65625   24.55938   14.00000   14.00000   -0.73572   -0.19861  -14.48540  -12.83741
  36.99139   13.22540   13.96362    -0.90101   -0.72194   33.81562   24.80000   14.00000   14.00000    0.77460    0.03638  -10.66003   -8.54149
  37.04193   13.15796   13.56079    -4.51806   -2.72744   34.34687   25.21875   14.00000   14.00000    0.84204    0.43921  -53.85926  -32.51347
  37.08243   13.19153   12.75513    -0.86519   -0.65032   34.59063   26.16562   14.00000   14.00000    0.80847    1.24487  -10.29209   -7.73600
  37.15318   13.86292   12.38617    -3.01394   -1.15169   34.21563   27.01875   14.00000   14.00000    0.13708    1.61383  -35.29415  -13.48667
  37.19446   14.83643   16.07819    -0.00569    0.20918   33.25312   24.15000   14.00000   14.00000   -0.83643   -2.07819   -0.06792    2.49550
  37.24508   14.60144   14.73572    -0.93682   -0.79357   33.06250   24.19375   14.00000   14.00000   -0.60144   -0.73572  -11.05793   -9.36705
  37.29561   14.03076   14.53430    -2.11863   -4.98363   33.44062   24.35312   14.00000   14.00000   -0.03076   -0.53430  -25.00492  -58.81879
  37.34613   12.45300   14.33289    -0.90101   -0.68613   34.98125   24.40313   14.00000   14.00000    1.54700   -0.33289  -10.59588   -8.06894
  37.38654   12.21832   12.95654    -5.69988   -2.65582   35.91875   25.60625   14.00000   14.00000    1.78168    1.04346  -65.32542  -30.43791
  37.43710   13.35938   12.78900    -0.50707   -0.25638   35.45312   26.29375   14.00000   14.00000    0.64062    1.21100   -6.07373   -3.07096
  37.48763   15.10498   12.82227    -2.26188   -0.82938   33.86250   26.66562   14.00000   14.00000   -1.10498    1.17773  -26.38364   -9.67429
  37.54858   15.17181   14.19861    -0.47126    0.06593   33.19062   25.75313   14.00000   14.00000   -1.17181   -0.19861   -5.65279    0.79086
  37.59908   14.66858   14.33289    -0.90101   -0.68613   33.28125   25.35938   14.00000   14.00000   -0.66858   -0.33289  -10.83751   -8.25295
  37.64963   12.88971   14.50073    -5.01944   -2.08282   34.80000   25.07812   14.00000   14.00000    1.11029   -0.50073  -58.40841  -24.23658
  37.69004   12.92297   14.26575    -0.82938   -0.72194   35.38438   25.11563   14.00000   14.00000    1.07703   -0.26575   -9.79874   -8.52942
  37.74062   13.02368   12.95654    -3.94506   -1.04426   35.62188   26.28125   14.00000   14.00000    0.97632    1.04346  -47.31895  -12.52528
  37.79119   13.99719   13.56079    -0.00569   -0.04151   35.00625   26.24375   14.00000   14.00000    0.00281    0.43921   -0.06829   -0.49784
  37.84166   13.89648   13.86292    -1.00844   -0.79357   34.95625   26.00937   14.00000   14.00000    0.10352    0.13708  -11.96765   -9.41764
  37.88205   14.87000   14.80286    -1.08007   -2.15444   34.10000   25.13437   14.00000   14.00000   -0.87000   -0.80286  -12.56197  -25.05771
  37.95265   13.25867   14.09790    -0.86519   -0.68613   35.17813   25.39688   14.00000   14.00000    0.74133   -0.09790   -9.78321   -7.75845
  37.99327   13.32611   13.49365    -5.77150   -3.12138   35.58750   26.03438   14.00000   14.00000    0.67389    0.50635  -65.30869  -35.32065
  38.04401   13.32581   14.80286    -0.65032   -0.43544   35.78750   25.06875   14.00000   14.00000    0.67419   -0.80286   -7.77341   -5.20496
  38.09449   14.63501   15.64209    -1.93957   -0.82938   34.78437   23.84063   14.00000   14.00000   -0.63501   -1.64209  -22.28611   -9.52979
  38.14510   13.15796   14.53400     0.10174   -0.39963   35.75938   24.23125   14.00000   14.00000    0.84204   -0.53400    1.21625   -4.77720
  38.18550   12.95654   12.55402    -1.00844   -0.79357   36.43125   26.06875   14.00000   14.00000    1.04346    1.44598  -12.09573   -9.51842
  38.23618   12.25189   13.42651    -4.84038   -3.40788   37.44375   26.00625   14.00000   14.00000    1.74811    0.57349  -57.95599  -40.80405
  38.28753   12.99011   13.12439    -1.00844   -0.82938   37.40937   26.33750   14.00000   14.00000    1.00989    0.87561  -11.98797   -9.85935
  38.34830   14.50073   13.93005    -3.87344   -1.25913   36.21250   25.90625   14.00000   14.00000   -0.50073    0.06995  -45.68285  -14.85002
  38.39881   15.50781   15.84351     0.10174   -0.00569   34.89375   24.03125   14.00000   14.00000   -1.50781   -1.84351    1.20851   -0.06763
  38.44955   14.90326   15.33997    -0.97263   -0.82938   34.83438   23.63750   14.00000   14.00000   -0.90326   -1.33997  -11.46039   -9.77249
  38.48995   14.09790   14.76898    -1.50982   -4.98363   35.39062   23.82187   14.00000   14.00000   -0.09790   -0.76898  -17.19612  -56.76118
  38.54038   12.65472   12.62115    -0.90101   -0.72194   36.81875   25.66250   14.00000   14.00000    1.34528    1.37885  -10.40316   -8.33567
  38.59101   13.09082   13.35938    -6.12962   -2.97813   37.05000   25.73125   14.00000   14.00000    0.90918    0.64062  -72.28163  -35.11862
  38.64166   13.82935   13.66150    -0.61451   -0.39963   36.58438   25.53750   14.00000   14.00000    0.17065    0.33850   -7.34188   -4.77463
  38.68205   15.80994   14.56787    -2.04700   -0.86519   34.68750   24.75937   14.00000   14.00000   -1.80994   -0.56787  -24.55272  -10.37753
  38.75275   15.20538   13.66150    -0.22057   -0.79357   34.38750   25.28750   14.00000   14.00000   -1.20538    0.33850   -2.65065   -9.53660
  38.79322   13.72894   14.13147    -0.93682   -0.75776   35.47187   25.09063   14.00000   14.00000    0.27106   -0.13147  -11.25871   -9.10674
  38.84378   12.88940   14.26575    -4.44644   -2.01119   36.55625   24.85625   14.00000   14.00000    1.11060   -0.26575  -53.36931  -24.13975
  38.89421   13.86292   14.46716    -0.93682   -0.75776   36.12500   24.56563   14.00000   14.00000    0.13708   -0.46716  -11.26701   -9.11345
  38.94458   14.40002   12.82227    -3.83763   -1.04426   35.52500   25.91562   14.00000   14.00000   -0.40002    1.17773  -46.03257  -12.52590
  38.98494   14.16504   13.22540    -0.00569    0.10174   35.53750   26.15625   14.00000   14.00000   -0.16504    0.77460   -0.06512    1.16359
  39.03565   13.76221   13.59436    -1.65307   -0.79357   35.89375   25.99688   14.00000   14.00000    0.23779    0.40564  -19.28859   -9.25964
  39.08646   13.42651   13.56079    -1.43819   -2.62000   36.34063   26.09688   14.00000   14.00000    0.57349    0.43921  -17.25035  -31.42554
  39.14714   13.69507   14.43359    -0.93682   -0.79357   36.32188   25.43125   14.00000   14.00000    0.30493   -0.43359  -10.91019   -9.24190
  39.19775   14.36646   13.96362    -6.30869   -2.58419   35.75312   25.60000   14.00000   14.00000   -0.36646    0.03638  -71.96448  -29.47839
  39.24836   14.83643   14.40002    -0.57869   -0.29219   35.10313   25.27813   14.00000   14.00000   -0.83643   -0.40002   -6.74715   -3.40677
  39.28880   14.09790   16.51459    -2.15444   -0.75776   35.45625   23.12500   14.00000   14.00000   -0.09790   -2.51459  -25.91549   -9.11494
  39.33936   14.46716   12.88940    -0.22057   -0.25638   35.19375   25.38437   14.00000   14.00000   -0.46716    1.11060   -2.63909   -3.06759
  39.38991   12.15088   13.46039    -0.82938   -0.68613   37.14062   25.74688   14.00000   14.00000    1.84912    0.53961   -9.94276   -8.22545
  39.44085   12.82257   12.58728    -4.26738   -2.01119   37.44375   26.64062   14.00000   14.00000    1.17743    1.41272  -51.18491  -24.12317
  39.48124   14.03076   13.93005    -0.79357   -0.61451   36.58750   25.96563   14.00000   14.00000   -0.03076    0.06995   -9.51842   -7.37067
  39.55211   15.94391   14.09790    -3.69438   -1.18750   34.62188   25.63125   14.00000   14.00000   -1.94391   -0.09790  -44.31209  -14.24349
  39.59259   14.66858   14.90356     0.06593    0.17337   34.91250   24.82812   14.00000   14.00000   -0.66858   -0.90356    0.79081    2.07946
  39.64311   14.09790   15.10498    -0.79357   -0.65032   35.42500   24.23750   14.00000   14.00000   -0.09790   -1.10498   -9.51842   -7.80022
  39.69365   12.78900   14.40002    -1.43819   -5.48500   36.69375   24.51562   14.00000   14.00000    1.21100   -0.40002  -16.97422  -64.73654
  39.74432   12.95654   12.92297    -0.75776   -0.61451   37.11250   25.86875   14.00000   14.00000    1.04346    1.07703   -8.85755   -7.18307
  39.78482   12.68799   13.46008    -6.63100   -3.08557   37.66250   25.92813   14.00000   14.00000    1.31201    0.53992  -79.39691  -36.94532
  39.83554   14.53430   13.93005    -0.47126   -0.22057   36.40000   25.57812   14.00000   14.00000   -0.53430    0.06995   -5.55250   -2.59881
  39.88620   14.76929   14.29932    -2.29769   -0.61451   35.73750   25.18750   14.00000   14.00000   -0.76929   -0.29932  -27.52965   -7.36266
  39.94689   14.43359   15.17212    -0.11313   -0.14894   35.77500   24.22812   14.00000   14.00000   -0.43359   -1.17212   -1.34913   -1.77621
  39.99733   12.92297   14.09790    -0.79357   -0.61451   37.09063   24.72812   14.00000   14.00000    1.07703   -0.09790   -9.51333   -7.36672
  40.04783   13.02399   14.40002    -4.87619   -1.29494   37.55938   24.57812   14.00000   14.00000    0.97601   -0.40002  -57.03894  -15.14751
  40.09838   13.89648   14.86969    -0.72194   -0.54288   37.04063   23.97188   14.00000   14.00000    0.10352   -0.86969   -8.30073   -6.24192
  40.13893   14.40002   13.49396    -4.01669   -1.04426   36.47500   24.90625   14.00000   14.00000   -0.40002    0.50604  -46.51262  -12.09231
  40.18959   13.12439   13.22510     0.03012    0.31662   37.45625   25.52188   14.00000   14.00000    0.87561    0.77490    0.35622    3.74474
  40.24031   13.02368   13.22510    -1.65307   -0.61451   38.01562   25.80313   14.00000   14.00000    0.97632    0.77490  -19.82766   -7.37067
  40.28078   12.85583   13.02368    -1.76050   -2.26188   38.49063   26.23125   14.00000   14.00000    1.14417    0.97632  -21.11631  -27.13003
  40.35160   13.96393   14.83643    -0.82938   -0.68613   37.84687   24.88437   14.00000   14.00000    0.03607   -0.83643   -9.94798   -8.22977
  40.40218   14.80255   14.29932    -6.98912   -3.26463   36.91250   24.85000   14.00000   14.00000   -0.80255   -0.29932  -83.45316  -38.98107
  40.44276   14.70215   14.87000    -0.61451   -0.36382   36.62812   24.30938   14.00000   14.00000   -0.70215   -0.87000   -7.21135   -4.26948
  40.49338   13.49365   13.79578    -2.47675   -0.72194   37.54688   24.94687   14.00000   14.00000    0.50635    0.20422  -29.55567   -8.61511
  40.54394   13.49396   13.69507    -0.14894   -0.25638   37.88438   25.26562   14.00000   14.00000    0.50604    0.30493   -1.77926   -3.06269
  40.59444   13.35938   12.85614    -0.86519   -0.72194   38.16875   26.15625   14.00000   14.00000    0.64062    1.14386   -9.98321   -8.33029
  40.63498   15.57465   11.81519    -4.37481   -2.08282   36.33438   27.60312   14.00000   14.00000   -1.57465    2.18481  -50.04736  -23.82718
  40.68555   17.85736   12.52045    -0.79357   -0.61451   33.39062   27.78750   14.00000   14.00000   -3.85736    1.47955   -9.44972   -7.31747
  40.74611   18.39447   14.86969    -1.79632   -1.40238   31.34375   25.96563   14.00000   14.00000   -4.39447   -0.86969  -20.36503  -15.89892
  40.79668   16.34674   16.44775     0.24499    0.10174   31.79062   23.87500   14.00000   14.00000   -2.34674   -2.44775    2.74403    1.13957
  40.84752   16.95129   14.43359    -0.82938   -0.65032   30.80313   24.74375   14.00000   14.00000   -2.95129   -0.43359   -9.52510   -7.46864
  40.89799   16.04462   11.98303    -1.25913   -2.29769   30.63125   27.18438   14.00000   14.00000   -2.04462    2.01697  -14.62507  -26.68819
  40.93842   19.03229   17.95807    -0.79357   -0.61451   27.35625   22.63750   14.00000   14.00000   -5.03229   -3.95807   -9.34813   -7.23880
  40.98922   18.12592   10.90912    -2.11863   -1.22332   26.17500   27.04688   14.00000   14.00000   -4.12592    3.09088  -25.29023  -14.60283
  41.03978   16.88385   14.73572    -0.61451   -0.36382   26.17500   25.51875   14.00000   14.00000   -2.88385   -0.73572   -7.37067   -4.36381
  41.09014   16.07819   15.17212    -0.82938   -0.68613   26.20938   24.30938   14.00000   14.00000   -2.07819   -1.17212   -9.94798   -8.22977
  41.15128   17.05170   14.23187     0.03012   -0.32801   24.77813   24.75000   14.00000   14.00000   -3.05170   -0.23187    0.36126   -3.93426
  41.20187   16.58203   14.40002    -0.86519   -0.72194   24.11250   24.66250   14.00000   14.00000   -2.58203   -0.40002  -10.38441   -8.66507
  41.24230   15.70923   15.23926    -3.76600   -3.80181   24.18750   23.73438   14.00000   14.00000   -1.70923   -1.23926  -45.29915  -45.72992
  41.29274   13.79578   14.70215    -0.75776   -0.57869   25.55938   23.71875   14.00000   14.00000    0.20422   -0.70215   -9.09354   -6.94468
  41.34359   14.43359   13.82935    -0.90101   -0.72194   25.31875   24.39062   14.00000   14.00000   -0.43359    0.17065  -10.29219   -8.24676
  41.39396   14.70215   14.80286     0.35243    0.17337   24.83750   23.67188   14.00000   14.00000   -0.70215   -0.80286    4.12292    2.02816
  41.43462   16.07788   13.19153    -0.86519   -0.68613   23.30000   24.76875   14.00000   14.00000   -2.07788    0.80847  -10.15348   -8.05209
  41.48531   14.40002   13.82935    -1.15169   -4.05250   24.00313   24.67188   14.00000   14.00000   -0.40002    0.17065  -13.21887  -46.51372
  41.54607   13.32581   14.23218    -0.82938   -0.65032   25.12500   24.25625   14.00000   14.00000    0.67419   -0.23218   -9.96687   -7.81504
  41.59653   12.05078   14.16504    -2.69163   -1.61725   26.68125   24.18438   14.00000   14.00000    1.94922   -0.16504  -31.96635  -19.20686
  41.64727   12.48657   13.82935    -0.61451   -0.39963   27.07812   24.45625   14.00000   14.00000    1.51343    0.17065   -7.15801   -4.65506
  41.69781   13.15796   13.99719    -0.90101   -0.72194   26.86250   24.40313   14.00000   14.00000    0.84204    0.00281  -10.73490   -8.60149
  41.73843   14.50073   12.72156    -0.14894   -0.11313   25.77813   25.56250   14.00000   14.00000   -0.50073    1.27844   -1.70840   -1.29763
  41.78910   14.06433   12.65503    -0.86519   -0.68613   25.82500   26.21563   14.00000   14.00000   -0.06433    1.34497  -10.25087   -8.12933
  41.83963   13.46008   13.59436    -4.94781   -4.98363   26.43125   25.77188   14.00000   14.00000    0.53992    0.40564  -59.34639  -59.77594
  41.89047   12.48657   13.52722    -0.79357   -0.61451   27.59375   25.82187   14.00000   14.00000    1.51343    0.47278   -9.28455   -7.18956
  41.95152   12.85583   14.06433    -1.72469   -0.90101   27.87188   25.48125   14.00000   14.00000    1.14417   -0.06433  -20.52798  -10.72413
  42.00203   13.15857   13.62793     0.03012    0.20918   27.89062   25.78438   14.00000   14.00000    0.84143    0.37207    0.35720    2.48086
  42.04282   14.16504   13.42651    -0.86519   -0.72194   27.17500   26.15313   14.00000   14.00000   -0.16504    0.57349  -10.26981   -8.56944
  42.09327   13.29224   12.92297    -1.93957   -1.15169   27.78125   26.83125   14.00000   14.00000    0.70776    1.07703  -23.26407  -13.81394
  42.14362   13.29224   13.25867    -0.79357   -0.65032   28.13437   26.93125   14.00000   14.00000    0.70776    0.74133   -9.54046   -7.81827
  42.19430   12.68799   13.52722    -3.40788   -2.87069   28.91562   26.86250   14.00000   14.00000    1.31201    0.47278  -41.17832  -34.68734
  42.23481   13.93005   14.70215    -0.75776   -0.47126   28.26562   25.88125   14.00000   14.00000    0.06995   -0.70215   -9.09584   -5.65679
  42.28587   14.43359   13.32581    -0.90101   -0.72194   27.63125   26.76250   14.00000   14.00000   -0.43359    0.67419  -10.24247   -8.20692
  42.34638   14.93713   13.19153    -0.29219    0.03012   26.95312   27.30313   14.00000   14.00000   -0.93713    0.80847   -3.26515    0.33657
  42.39689   13.82935   13.29285    -0.93682   -0.72194   27.61563   27.48125   14.00000   14.00000    0.17065    0.70715  -10.51171   -8.10067
  42.44776   12.95654   14.56726    -6.16544   -5.52081   28.64375   26.50625   14.00000   14.00000    1.04346   -0.56726  -72.28402  -64.72639
  42.49826   12.21802   14.43359    -0.82938   -0.68613   29.78750   26.26250   14.00000   14.00000    1.78198   -0.43359   -9.91211   -8.20010
  42.53887   13.19153   13.89648    -2.47675   -1.29494   29.55000   26.64375   14.00000   14.00000    0.80847    0.10352  -29.59278  -15.47225
  42.58944   14.09790   12.78931     0.03012   -0.04151   28.81563   27.78438   14.00000   14.00000   -0.09790    1.21069    0.35527   -0.48959
  42.64003   15.33997   12.28516    -1.00844   -0.82938   27.49688   28.79688   14.00000   14.00000   -1.33997    1.71484  -11.32041   -9.31032
  42.68048   14.63501   13.29224    -1.54563   -1.90375   27.54688   28.47500   14.00000   14.00000   -0.63501    0.70776  -18.36025  -22.61435
  42.75104   13.25867   14.56787    -0.90101   -0.68613   28.73125   27.35938   14.00000   14.00000    0.74133   -0.56787  -10.80708   -8.22977
  42.80164   12.52075   14.36646    -3.51532   -2.83488   29.85312   27.17813   14.00000   14.00000    1.47925   -0.36646  -42.16433  -34.00285
  42.84206   13.19153   14.23218    -0.79357   -0.54288   29.80313   27.21875   14.00000   14.00000    0.80847   -0.23218   -9.53566   -6.52335
  42.89274   13.35938   13.66150    -1.25913   -0.79357   29.80000   27.69687   14.00000   14.00000    0.64062    0.33850  -15.10318   -9.51879
  42.94324   14.33289   12.72156     0.03012   -0.43544   29.07187   28.75937   14.00000   14.00000   -0.33289    1.27844    0.36060   -5.21332
  42.99377   13.86292   12.78870    -1.00844   -0.82938   29.25625   29.23750   14.00000   14.00000    0.13708    1.21130  -12.08591   -9.93990
  43.03431   13.35938   13.15796    -6.95331   -6.48775   29.83750   29.26250   14.00000   14.00000    0.64062    0.84204  -83.15847  -77.59055
  43.08479   13.09082   13.79639    -0.97263   -0.75776   30.36250   28.87813   14.00000   14.00000    0.90918    0.20361  -11.60172   -9.03865
  43.14538   13.72864   14.29932    -2.08282   -1.76050   30.09688   28.37813   14.00000   14.00000    0.27136   -0.29932  -24.89970  -21.04651
  43.19580   14.26575   13.59436    -0.29219    0.10174   29.58750   28.86563   14.00000   14.00000   -0.26575    0.40564   -3.35625    1.16867
  43.24624   14.50073   13.46008    -1.00844   -0.82938   29.20312   29.22188   14.00000   14.00000   -0.50073    0.53992  -11.86791   -9.76060
  43.29695   13.46008   13.99719    -1.54563   -1.83213   29.97812   28.91250   14.00000   14.00000    0.53992    0.00281  -17.87583  -21.18932
  43.33741   12.18445   13.93005    -0.90101   -0.75776   31.48750   28.89375   14.00000   14.00000    1.81555    0.06995  -10.10979   -8.50244
  43.38793   12.58789   14.06433    -4.76875   -4.51806   31.87188   28.80313   14.00000   14.00000    1.41211   -0.06433  -54.37680  -51.51828
  43.43847   14.29932   13.76221    -0.90101   -0.72194   30.66250   29.04375   14.00000   14.00000   -0.29932    0.23779  -10.80391   -8.65678
  43.48904   15.40649   13.22510    -1.11588   -0.86519   29.28750   29.65938   14.00000   14.00000   -1.40649    0.77490  -13.34214  -10.34477
  43.54987   14.63501   13.62793     0.06593   -0.07732   29.39688   29.60938   14.00000   14.00000   -0.63501    0.37207    0.78206   -0.91713
  43.60071   14.46716   14.66858    -0.93682   -0.75776   29.46875   28.70000   14.00000   14.00000   -0.46716   -0.66858  -11.20385   -9.06236
  43.64127   12.75513   14.80286    -1.00844   -0.82938   30.93750   28.20938   14.00000   14.00000    1.24487   -0.80286  -12.08676   -9.94060
  43.69204   12.18506   14.50073    -0.90101   -0.68613   32.11250   28.21875   14.00000   14.00000    1.81494   -0.50073  -10.78487   -8.21286
  43.74253   13.15796   14.90356    -2.72744   -1.72469   31.86250   27.73438   14.00000   14.00000    0.84204   -0.90356  -32.07833  -20.28467
  43.79299   15.33997   13.86292    -0.07732    0.10174   29.95312   28.35625   14.00000   14.00000   -1.33997    0.13708   -0.89656    1.17978
  43.83353   14.73572   14.87000    -0.93682   -0.79357   29.76875   27.62188   14.00000   14.00000   -0.73572   -0.87000  -10.83159   -9.17532
  43.88445   14.93652   14.19861    -1.33075   -1.00844   29.44375   27.82187   14.00000   14.00000   -0.93652   -0.19861  -15.34956  -11.63186
  43.94519   13.12500   15.67505    -0.90101   -0.72194   30.80313   26.49063   14.00000   14.00000    0.87500   -1.67505  -10.44178   -8.36662
  43.99581   13.25867   15.50781    -4.30319   -3.30044   31.22188   25.90000   14.00000   14.00000    0.74133   -1.50781  -50.51460  -38.74346
  44.04655   13.49365   15.44067    -0.93682   -0.72194   31.21563   25.51562   14.00000   14.00000    0.50635   -1.44067  -10.54671   -8.12765
  44.09717   14.53430   15.47424    -1.58144   -0.90101   30.37500   25.04375   14.00000   14.00000   -0.53430   -1.47424  -18.88642  -10.76028
  44.13766   13.93005   13.93005    -0.14894   -0.00569   30.61250   26.01250   14.00000   14.00000    0.06995    0.06995   -1.76296   -0.06739
  44.18832   14.29932   15.57495    -0.97263   -0.82938   30.38125   24.74063   14.00000   14.00000   -0.29932   -1.57495  -10.99779   -9.37803
  44.23891   13.76221   14.97009    -6.27287   -3.87344   30.73125   24.56250   14.00000   14.00000    0.23779   -0.97009  -73.55043  -45.41668
  44.28939   14.13147   14.16504    -0.93682   -0.75776   30.54375   25.09688   14.00000   14.00000   -0.13147   -0.16504  -11.20288   -9.06157
  44.35004   14.87000   14.50073    -2.36932   -1.36657   29.76250   24.85312   14.00000   14.00000   -0.87000   -0.50073  -28.33332  -16.34201
  44.40059   15.03784   14.60144    -0.07732   -0.07732   29.22188   24.55313   14.00000   14.00000   -1.03784   -0.60144   -0.92461   -0.92461
  44.45122   14.46716   15.07141    -1.00844   -0.82938   29.40313   23.91562   14.00000   14.00000   -0.46716   -1.07141  -12.05940   -9.91809
  44.49164   13.29224   14.36646    -0.72194   -3.83763   30.43438   24.16250   14.00000   14.00000    0.70776   -0.36646   -8.63331  -45.89202
  44.54241   13.12439   13.29224    -1.00844   -0.86519   30.98750   25.15313   14.00000   14.00000    0.87561    0.70776  -12.05940  -10.34635
  44.59291   14.93713   11.95007    -4.08831   -2.54838   29.60312   26.78125   14.00000   14.00000   -0.93713    2.04993  -48.95850  -30.51742
  44.63330   16.24573   12.35229    -0.86519   -0.68613   27.82187   27.25000   14.00000   14.00000   -2.24573    1.64771  -10.40666   -8.25287
  44.68385   16.14563   12.45300    -1.04426   -0.90101   27.01875   27.60938   14.00000   14.00000   -2.14563    1.54700  -12.52956  -10.81076
  44.74485   15.50781   12.85583    -0.11313    0.06593   26.95312   27.70312   14.00000   14.00000   -1.50781    1.14417   -1.27653    0.74394
  44.79553   12.62085   12.31873    -1.08007   -0.90101   29.25937   28.50000   14.00000   14.00000    1.37915    1.68127  -12.89406  -10.75638
  44.84616   14.26575   11.78223    -6.41612   -6.38031   28.59688   29.60312   14.00000   14.00000   -0.26575    2.21777  -76.72682  -76.29856
  44.89684   15.47424   11.41235    -0.93682   -0.75776   27.14375   30.72188   14.00000   14.00000   -1.47424    2.58765  -10.56198   -8.54318
  44.93728   16.21277   10.57373    -1.65307   -3.12138   25.81563   32.36250   14.00000   14.00000   -2.21277    3.42627  -18.53100  -34.99087
  44.98786   15.54077   10.77454     0.17337   -0.11313   25.63750   33.37188   14.00000   14.00000   -1.54077    3.22546    1.97928   -1.29157
  45.03829   13.39294   11.61438    -0.86519   -1.40238   27.25000   33.57188   14.00000   14.00000    0.60706    2.38562  -10.10266  -16.37527
  45.08914   13.12500   12.05017    -0.57869   -1.61725   28.01250   33.78750   14.00000   14.00000    0.87500    1.94983   -6.88608  -19.24430
  45.14986   13.46008   12.15088    -0.97263   -0.79357   28.01562   34.23750   14.00000   14.00000    0.53992    1.84912  -11.04285   -9.00985
  45.20049   14.93713   13.42651    -3.37207   -5.44919   26.76250   33.61563   14.00000   14.00000   -0.93713    0.57349  -37.64125  -60.82749
  45.24110   13.39294   12.35229    -0.86519   -0.65032   27.68125   34.60000   14.00000   14.00000    0.60706    1.64771   -9.75119   -7.32944
  45.29174   14.03076   11.34583    -0.97263   -2.40513   27.50937   36.20938   14.00000   14.00000   -0.03076    2.65417  -11.06885  -27.37116
  45.34217   12.52014   12.21802     0.17337   -0.36382   28.80625   36.38125   14.00000   14.00000    1.47986    1.78198    2.00473   -4.20698
  45.39286   12.95654   12.28516    -0.86519   -1.04426   29.09063   36.74688   14.00000   14.00000    1.04346    1.71484  -10.37753  -12.52528
  45.43343   13.66150   12.52075    -3.30044   -4.69713   28.69687   37.05313   14.00000   14.00000    0.33850    1.47925  -39.58702  -56.33953
  45.48401   15.67566   13.56079    -0.86519   -0.72194   26.82812   36.51562   14.00000   14.00000   -1.67566    0.43921  -10.37753   -8.65932
  45.54470   14.19861   14.23218    -1.43819   -4.12413   27.37188   35.87188   14.00000   14.00000   -0.19861   -0.23218  -17.20999  -49.35097
  45.59534   13.15796   13.46008    -0.18476    0.17337   28.50000   36.41563   14.00000   14.00000    0.84204    0.53992   -2.20939    2.07322
  45.64594   12.65442   13.99719    -0.97263   -1.00844   29.38437   36.20312   14.00000   14.00000    1.34558    0.00281  -11.28377  -11.69924
  45.69648   11.91650   16.31287    -0.72194   -0.50707   30.56563   33.97187   14.00000   14.00000    2.08350   -2.31287   -8.25915   -5.80094
  45.73710   12.25159   15.33997    -0.86519   -0.72194   31.01562   33.80625   14.00000   14.00000    1.74841   -1.33997   -9.86339   -8.23031
  45.78773   13.99719   15.94421    -4.62550   -4.84038   29.89375   32.97187   14.00000   14.00000    0.00281   -1.94421  -52.38500  -54.81852
  45.83839   13.46008   14.29932    -0.86519   -0.65032   30.13125   33.80000   14.00000   14.00000    0.53992   -0.29932  -10.35070   -7.78006
  45.88904   13.93005   14.13147    -1.15169   -1.65307   29.94375   34.10938   14.00000   14.00000    0.06995   -0.13147  -13.73222  -19.71037
  45.94970   12.28516   14.36646    -0.18476   -0.00569   31.42188   33.87500   14.00000   14.00000    1.71484   -0.36646   -2.08609   -0.06429
  46.00035   12.05078   14.33289    -1.00844   -0.79357   32.42188   33.75625   14.00000   14.00000    1.94922   -0.33289  -12.09002   -9.51393
  46.04093   13.12439   14.66858    -1.50982   -3.83763   32.06875   33.34687   14.00000   14.00000    0.87561   -0.66858  -18.06003  -45.90466
  46.09145   13.96362   14.46716    -0.82938   -0.68613   31.40313   33.27500   14.00000   14.00000    0.03638   -0.46716   -9.33789   -7.72506
  46.14202   13.93005   18.05847    -3.51532   -2.69163   31.31875   29.82500   14.00000   14.00000    0.06995   -4.05847  -40.21227  -30.78998
  46.19255   14.93713   14.53430    -0.25638    0.03012   30.41250   31.28750   14.00000   14.00000   -0.93713   -0.53430   -2.89010    0.33952
  46.23303   13.46008   14.53430    -0.97263   -0.79357   31.33750   31.65000   14.00000   14.00000    0.53992   -0.53430  -11.20521   -9.14232
  46.28397   14.26575   15.57495    -0.43544   -0.43544   30.98125   30.51875   14.00000   14.00000   -0.26575   -1.57495   -5.21324   -5.21324
  46.34485   14.23218   16.24634    -0.86519   -0.72194   30.80938   29.24688   14.00000   14.00000   -0.23218   -2.24634  -10.36195   -8.64632
  46.39521   16.07788   15.27222    -3.37207   -2.69163   29.02813   29.34688   14.00000   14.00000   -2.07788   -1.27222  -40.37620  -32.22883
  46.44572   15.30640   17.48840    -0.79357   -0.65032   28.81875   27.04062   14.00000   14.00000   -1.30640   -3.48840   -9.36864   -7.67747
  46.49629   14.23218   17.85706    -1.04426   -0.90101   29.52188   25.27500   14.00000   14.00000   -0.23218   -3.85706  -12.01567  -10.36737
  46.53683   13.59436   15.94421     0.03012   -0.00569   30.20312   25.79062   14.00000   14.00000    0.40564   -1.94421    0.35093   -0.06634
  46.58753   14.60144   15.91064    -0.86519   -0.72194   29.49063   25.50000   14.00000   14.00000   -0.60144   -1.91064  -10.33955   -8.62764
  46.63802   16.11206   14.33289    -5.41338   -3.51532   27.75000   26.37188   14.00000   14.00000   -2.11206   -0.33289  -64.90984  -42.15087
  46.68864   15.50781   14.46716    -0.86519   -0.72194   27.42500   26.38125   14.00000   14.00000   -1.50781   -0.46716  -10.35168   -8.63775
  46.74950   15.20569   15.57495    -2.11863   -1.36657   27.32500   25.18750   14.00000   14.00000   -1.20569   -1.57495  -25.33549  -16.34201
  46.80003   13.39294   15.67505    -0.04151   -0.18476   28.67500   24.43438   14.00000   14.00000    0.60706   -1.67505   -0.49635   -2.20939
  46.84044   13.25867   18.19336    -1.08007   -0.93682   29.25937   21.55938   14.00000   14.00000    0.74133   -4.19336  -12.91592  -11.20288
  46.89105   13.29224   12.52014    -2.65582   -1.90375   29.48125   25.13750   14.00000   14.00000    0.70776    1.47986  -31.75941  -22.76592
  46.94164   15.37354   12.92297    -0.93682   -0.79357   27.76562   26.07500   14.00000   14.00000   -1.37354    1.07703  -11.20288   -9.48983
  46.99263   14.76929   13.42651    -2.69163   -2.79907   27.58438   25.88437   14.00000   14.00000   -0.76929    0.57349  -32.18767  -33.47245
  47.03308   14.53430   13.59436    -0.90101   -0.72194   27.65313   25.83125   14.00000   14.00000   -0.53430    0.40564  -10.77461   -8.63331
  47.08419   13.39294   13.29285    -1.29494   -1.11588   28.58125   26.21250   14.00000   14.00000    0.60706    0.70715  -15.41572  -13.28406
  47.14473   14.29932   12.82227    -0.11313   -0.29219   28.10000   26.91562   14.00000   14.00000   -0.29932    1.17773   -1.28958   -3.33071
  47.19533   14.76929   11.94946    -0.97263   -0.82938   27.43438   28.16562   14.00000   14.00000   -0.76929    2.05054  -11.61878   -9.90756
  47.24603   15.23865   11.74805    -5.52081   -5.55663   26.68750   29.12500   14.00000   14.00000   -1.23865    2.25195  -65.44666  -65.87120
  47.29648   14.13147   11.44653    -1.00844   -0.82938   27.25937   30.13750   14.00000   14.00000   -0.13147    2.55347  -12.05282   -9.91268
  47.33725   13.99719   11.68091    -1.83213   -3.30044   27.50937   30.76250   14.00000   14.00000    0.00281    2.31909  -21.37091  -38.49806
  47.38780   14.43359   11.98303    -0.25638   -0.25638   27.12500   31.17188   14.00000   14.00000   -0.43359    2.01697   -2.94943   -2.94943
  47.43874   14.87000   11.34583    -1.04426   -1.11588   26.51875   32.35000   14.00000   14.00000   -0.87000    2.65417  -12.24380  -13.08359
  47.48925   15.87708   11.98303    -0.07732   -0.82938   25.24688   32.68438   14.00000   14.00000   -1.87708    2.01697   -0.92311   -9.90200
  47.54982   15.57495   11.04309    -1.04426   -0.86519   24.79062   34.09063   14.00000   14.00000   -1.57495    2.95691  -12.28386  -10.17750
  47.60034   13.52722   11.48010    -3.01394   -5.30594   26.24375   34.75000   14.00000   14.00000    0.47278    2.51990  -36.04202  -63.45073
  47.64083   13.02368   11.61377    -0.86519   -0.72194   27.16562   35.34687   14.00000   14.00000    0.97632    2.38623  -10.34635   -8.63331
  47.69153   13.25867   12.45300    -1.08007   -2.62000   27.32812   35.29375   14.00000   14.00000    0.74133    1.54700  -12.22931  -29.66558
  47.74216   13.79578   13.42712     0.13756   -0.25638   27.02500   34.74688   14.00000   14.00000    0.20422    0.57288    1.55079   -2.89041
  47.79276   15.03784   13.69507    -0.86519   -0.68613   25.85625   34.53125   14.00000   14.00000   -1.03784    0.30493  -10.21286   -8.09918
  47.83313   14.06433   13.35938    -1.93957   -4.12413   26.25000   34.89688   14.00000   14.00000   -0.06433    0.64062  -23.22944  -49.39308
  47.88396   15.07141   13.25867    -0.75776   -0.57869   25.44063   35.24375   14.00000   14.00000   -1.07141    0.74133   -9.10037   -6.94989
  47.94470   12.28516   14.90356    -1.36657   -2.76325   27.54062   33.96250   14.00000   14.00000    1.71484   -0.90356  -16.41513  -33.19204
  47.99519   13.46008   16.41357    -0.04151   -0.07732   27.40313   32.03125   14.00000   14.00000    0.53992   -2.41357   -0.49590   -0.92378
  48.04582   13.93005   16.34705    -0.75776   -0.61451   26.95938   31.11250   14.00000   14.00000    0.06995   -2.34705   -9.02627   -7.31990
  48.09634   15.17212   15.70923    -0.18476   -0.11313   25.75937   30.98125   14.00000   14.00000   -1.17212   -1.70923   -2.20202   -1.34835
  48.13684   14.97070   14.97070    -0.68613   -0.50707   25.39375   31.22812   14.00000   14.00000   -0.97070   -0.97070   -8.10944   -5.99309
  48.18745   13.32581   15.03784    -2.69163   -3.33625   26.64688   30.97500   14.00000   14.00000    0.67419   -1.03784  -32.25887  -39.98462
  48.23791   14.19861   15.23865    -0.57869   -0.39963   26.29375   30.45312   14.00000   14.00000   -0.19861   -1.23865   -6.94111   -4.79336
  48.28849   14.19861   14.93713    -0.65032   -0.50707   26.10000   30.31563   14.00000   14.00000   -0.19861   -0.93713   -7.80022   -6.08201
  48.34901   15.30640   16.34705    -0.07732    0.28081   25.00937   28.75937   14.00000   14.00000   -1.30640   -2.34705   -0.88725    3.22233
  48.40167   13.22510   14.33289    -0.61451   -0.50707   26.36875   29.68438   14.00000   14.00000    0.77490   -0.33289   -7.30196   -6.02532
  48.44320   14.80286   13.93005    -6.77425   -7.27562   25.45938   30.25625   14.00000   14.00000   -0.80286    0.06995  -77.70808  -83.45940
  48.49406   12.92297   15.17212    -0.61451   -0.43544   26.71563   29.18438   14.00000   14.00000    1.07703   -1.17212   -7.13625   -5.05680
  48.54473   13.89648   14.97070    -0.82938   -1.47400   26.43125   28.81875   14.00000   14.00000    0.10352   -0.97070   -9.94798  -17.67990
  48.58534   14.03076   14.13147    -0.22057    0.17337   26.19063   29.32500   14.00000   14.00000   -0.03076   -0.13147   -2.64718    2.08071
  48.63573   15.33986   14.19861    -0.65032   -0.47126   24.94687   29.34688   14.00000   14.00000   -1.33986   -0.19861   -7.81823   -5.66552
  48.68627   14.19860   12.31888    -0.00569   -0.11313   25.39062   31.01875   14.00000   14.00000   -0.19860    1.68112   -0.06810   -1.35315
  48.74677   13.22517   13.76224    -0.61451   -0.47126   26.40313   30.48750   14.00000   14.00000    0.77483    0.23776   -7.39033   -5.66754
  48.79746   12.28531   14.26573    -2.51257   -3.47950   27.66562   29.87813   14.00000   14.00000    1.71469   -0.26573  -30.13368  -41.73034
  48.84800   12.58741   14.73567    -0.61451   -0.47126   28.05938   29.28438   14.00000   14.00000    1.41259   -0.73567   -6.89874   -5.29055
  48.88842   12.88951   17.52168    -0.68613   -0.54288   28.17500   26.39688   14.00000   14.00000    1.11049   -3.52168   -7.99079   -6.32248
  48.93899   14.03076   13.99721    -0.18476    0.35243   27.41875   28.15000   14.00000   14.00000   -0.03076    0.00279   -2.21922    4.23327
  48.98952   13.46014   13.66154    -0.65032   -0.50707   27.76875   28.99063   14.00000   14.00000    0.53986    0.33846   -7.70774   -6.00990
  49.04003   13.29231   15.03776    -6.45194   -6.45194   28.17813   27.86875   14.00000   14.00000    0.70769   -1.03776  -73.92020  -73.92020
  49.08041   12.01678   16.07832    -0.72194   -0.50707   29.60938   26.37500   14.00000   14.00000    1.98322   -2.07832   -8.12393   -5.70597
  49.15115   12.52028   15.84336    -1.90375   -0.61451   29.95312   25.78750   14.00000   14.00000    1.47972   -1.84336  -21.90372   -7.07022
  49.20164   11.94965   15.30629    -0.32801    0.13756   30.86875   25.74375   14.00000   14.00000    2.05035   -1.30629   -3.64454    1.52842
  49.24237   13.66153   14.63497    -0.75776   -0.61451   30.00625   26.04062   14.00000   14.00000    0.33847   -0.63497   -8.92681   -7.23924
  49.29298   12.52029   14.23216    -0.39963    0.20918   30.91250   26.31563   14.00000   14.00000    1.47971   -0.23216   -4.79336    2.50902
  49.34351   13.99719   15.30630    -0.72194   -0.57869   30.17813   25.30625   14.00000   14.00000    0.00281   -1.30630   -8.67378   -6.95271
  49.39422   12.21819   14.56783    -4.26738   -2.54838   31.60625   25.42188   14.00000   14.00000    1.78181   -0.56783  -50.27453  -30.02278
  49.43455   12.85593   14.39999    -0.72194   -0.54288   31.83750   25.51250   14.00000   14.00000    1.14407   -0.39999   -8.36132   -6.28747
  49.48522   13.52728   13.22517    -1.29494   -0.65032   31.47812   26.50313   14.00000   14.00000    0.47272    0.77483  -15.53214   -7.80022
  49.54597   14.56783   15.27273     0.10174    0.03012   30.55938   25.01875   14.00000   14.00000   -0.56783   -1.27273    1.22036    0.36126
  49.59651   14.09790   14.13147    -0.79357   -0.57869   30.66250   25.37500   14.00000   14.00000   -0.09790   -0.13147   -9.52220   -6.94387
  49.64771   14.60140   15.37342    -6.81006   -4.58969   30.23438   24.35312   14.00000   14.00000   -0.60140   -1.37342  -81.92841  -55.21624
  49.69811   12.85595   13.52728    -0.75776   -0.61451   31.59063   25.45000   14.00000   14.00000    1.14405    0.47272   -9.11617   -7.39281
  49.73862   13.72866   13.66152    -2.54838   -1.65307   31.40000   25.75000   14.00000   14.00000    0.27134    0.33848  -29.78501  -19.32076
  49.78904   14.56783   12.88952    -0.29219   -0.04151   30.57500   26.55313   14.00000   14.00000   -0.56783    1.11048   -3.45882   -0.49133
  49.84008   16.14548   13.79581    -0.82938   -0.72194   28.80625   26.17500   14.00000   14.00000   -2.14548    0.20419   -9.96465   -8.67384
  49.88059   16.27972   13.72868    -0.36382   -0.11313   27.77500   26.16250   14.00000   14.00000   -2.27972    0.27132   -4.30350   -1.33820
  49.95161   14.33285   13.32588    -0.79357   -0.57869   28.85000   26.63125   14.00000   14.00000   -0.33285    0.67412   -9.23836   -6.73689
  50.00216   12.85595   13.62797    -3.83763   -3.19300   30.40938   26.62188   14.00000   14.00000    1.14405    0.37203  -45.62149  -37.95823
  50.04272   14.13147   13.29231    -0.68613   -0.54288   29.80313   27.00625   14.00000   14.00000   -0.13147    0.70769   -8.19433   -6.48353
  50.09358   15.54127   12.28531    -0.93682   -1.04426   28.26250   28.21250   14.00000   14.00000   -1.54127    1.71469  -11.07770  -12.34813
  50.14414   15.77621   12.21817     0.03012   -0.00569   27.35312   28.96250   14.00000   14.00000   -1.77621    1.78183    0.34966   -0.06610
  50.18459   15.94406   12.88952    -0.90101   -0.65032   26.60625   28.90625   14.00000   14.00000   -1.94406    1.11048  -10.24014   -7.39102
  50.23518   14.50069   13.05733    -5.34175   -5.98638   27.31250   28.99688   14.00000   14.00000   -0.50069    0.94267  -60.81988  -68.15942
  50.28577   14.70211   13.35945    -0.79357   -0.61451   27.18750   28.98438   14.00000   14.00000   -0.70211    0.64055   -9.48983   -7.34853
  50.34650   15.40699   13.32588    -1.50982   -2.01119   26.28125   29.17188   14.00000   14.00000   -1.40699    0.67412  -18.05505  -24.05071
  50.39700   14.93706   12.55383    -0.29219   -0.32801   26.17188   30.10312   14.00000   14.00000   -0.93706    1.44617   -3.48920   -3.91685
  50.44748   14.39999   12.72167    -0.82938   -0.68613   26.45000   30.51562   14.00000   14.00000   -0.39999    1.27833   -9.79924   -8.10672
  50.49840   13.96362   12.68814    -0.14894   -0.36382   26.80938   30.91875   14.00000   14.00000    0.03638    1.31186   -1.78855   -4.36882
  50.53881   13.82938   13.29227    -0.86519   -0.72194   27.01250   30.77500   14.00000   14.00000    0.17062    0.70773  -10.37092   -8.65381
  50.58936   14.73568   13.93009    -2.90650   -4.55388   26.24375   30.31250   14.00000   14.00000   -0.73568    0.06991  -34.75724  -54.45724
  50.63993   15.27271   13.39298    -0.79357   -0.68613   25.37813   30.73750   14.00000   14.00000   -1.27271    0.60702   -9.32962   -8.06653
  50.68042   14.23218   13.09093    -1.04426   -1.50982   25.86563   31.28750   14.00000   14.00000   -0.23218    0.90907  -11.92056  -17.23512
  50.75159   14.46712   12.38602    -0.00569   -0.22057   25.73125   32.27188   14.00000   14.00000   -0.46712    1.61398   -0.06442   -2.49544
  50.80211   12.52029   12.55383    -0.90101   -0.75776   27.35625   32.72500   14.00000   14.00000    1.47971    1.44617  -10.14692   -8.53367
  50.84256   12.82234   13.79581    -2.90650   -3.98088   27.83125   32.00000   14.00000   14.00000    1.17766    0.20419  -33.77277  -46.25670
  50.89312   13.62801   13.82938    -0.90101   -0.68613   27.40625   31.84688   14.00000   14.00000    0.37199    0.17062  -10.72291   -8.16567
  50.94380   15.33981   14.43356    -1.76050   -3.47950   25.81250   31.33438   14.00000   14.00000   -1.33981   -0.43356  -20.57734  -40.66954
  50.98420   14.63501   13.82938    -0.39963   -0.39963   25.79062   31.66875   14.00000   14.00000   -0.63501    0.17062   -4.56069   -4.56069
  51.03472   14.39995   12.21817    -0.97263   -0.82938   25.91875   33.30938   14.00000   14.00000   -0.39995    1.78183  -11.03791   -9.41224
  51.08538   13.09097   13.15804    -0.14894   -0.47126   27.04375   33.23438   14.00000   14.00000    0.90903    0.84196   -1.75914   -5.56590
  51.14614   13.29231   13.62801    -0.90101   -0.79357   27.33750   32.91875   14.00000   14.00000    0.70769    0.37199  -10.33616   -9.10366
  51.19664   13.96362   13.59436    -3.44369   -4.69713   26.90313   32.99688   14.00000   14.00000    0.03638    0.40564  -41.30523  -56.33953
  51.24718   14.36638   13.49373    -0.79357   -0.65032   26.44063   33.22187   14.00000   14.00000   -0.36638    0.50627   -9.51842   -7.80022
  51.29786   14.23218   12.75520    -0.97263   -1.97538   26.39062   34.08125   14.00000   14.00000   -0.23218    1.24480  -11.66618  -23.69362
  51.33841   13.89656   12.72171    -0.04151   -0.36382   26.65000   34.61250   14.00000   14.00000    0.10344    1.27829   -0.49697   -4.35618
  51.38894   13.09090   12.55386    -0.93682   -0.75776   27.48125   35.17188   14.00000   14.00000    0.90910    1.44614  -11.20288   -9.06157
  51.43946   13.39302   13.46008    -3.65856   -4.84038   27.60625   34.80938   14.00000   14.00000    0.60698    0.53992  -43.75072  -57.88333
  51.49002   14.33281   13.29231    -0.86519   -0.68613   26.87813   34.99688   14.00000   14.00000   -0.33281    0.70769  -10.36648   -8.22101
  51.55064   14.80286   13.99727    -2.36932   -4.15994   26.19687   34.58750   14.00000   14.00000   -0.80286    0.00273  -27.95979  -49.09055
  51.60121   13.93005   13.39294    -0.43544   -0.36382   26.68438   35.04375   14.00000   14.00000    0.06995    0.60706   -5.07351   -4.23898
  51.64195   12.82234   13.49373    -0.93682   -1.11588   27.86563   35.23125   14.00000   14.00000    1.17766    0.50627  -11.20288  -13.34418
  51.69247   12.62100   13.09090    -0.25638   -0.57869   28.58750   35.75000   14.00000   14.00000    1.37900    0.90910   -3.06592   -6.92026
  51.74308   13.76221   13.76228    -0.90101   -0.72194   27.98750   35.46875   14.00000   14.00000    0.23779    0.23772  -10.77461   -8.63331
  51.79354   14.93706   13.15804    -3.87344   -6.91750   26.80000   36.00312   14.00000   14.00000   -0.93706    0.84196  -45.26366  -80.83546
  51.83401   14.76929   14.46709    -0.86519   -0.68613   26.48750   35.14375   14.00000   14.00000   -0.76929   -0.46709  -10.23073   -8.11335
  51.88460   14.43352   13.29231    -1.22332   -2.19025   26.58438   35.89062   14.00000   14.00000   -0.43352    0.70769  -14.55958  -26.06779
  51.94519   12.65457   13.15804    -0.29219   -0.29219   28.15000   36.41250   14.00000   14.00000    1.34543    0.84196   -3.48933   -3.48933
  51.99570   12.68806   12.99026    -0.93682   -0.79357   28.80625   36.85313   14.00000   14.00000    1.31194    1.00974  -10.72296   -9.08330
  52.04631   13.79585   13.46008    -3.47950   -4.44644   28.18438   36.75625   14.00000   14.00000    0.20415    0.53992  -39.50019  -50.47710
  52.09679   15.20561   12.58743    -0.86519   -0.68613   26.77188   37.66563   14.00000   14.00000   -1.20561    1.41257  -10.12815   -8.03200
  52.13718   15.13840   13.82935    -1.93957   -5.73569   26.24688   37.08438   14.00000   14.00000   -1.13840    0.17065  -22.60261  -66.84047
  52.18774   14.70215   15.10490    -0.50707   -0.36382   26.30625   35.76875   14.00000   14.00000   -0.70215   -1.10490   -5.74236   -4.12011
  52.23840   13.15804   13.76228    -1.18750   -1.93957   27.58438   36.47813   14.00000   14.00000    0.84196    0.23772  -13.21447  -21.58335
  52.28912   13.22517   13.46008    -0.54288   -0.36382   28.01562   37.03437   14.00000   14.00000    0.77483    0.53992   -6.48203   -4.34401
  52.34976   13.09090   14.93706    -1.00844   -0.82938   28.37500   35.87812   14.00000   14.00000    0.90910   -0.93706  -12.09573   -9.94798
  52.40026   14.19861   16.17905    -4.51806   -5.62825   27.65000   34.20938   14.00000   14.00000   -0.19861   -2.17905  -54.14458  -67.44907
  52.44070   12.85591   15.94406    -0.86519   -0.68613   28.66875   33.55938   14.00000   14.00000    1.14409   -1.94406   -9.99892   -7.92952
  52.49136   13.02383   14.50073    -1.54563   -1.36657   29.07187   34.32812   14.00000   14.00000    0.97617   -0.50073  -18.14872  -16.04618
  52.54182   12.11746   15.40695    -0.54288   -0.18476   30.19063   33.54688   14.00000   14.00000    1.88254   -1.40695   -6.35693   -2.16342
  52.59255   12.31888   15.80978    -1.15169   -1.00844   30.72812   32.59687   14.00000   14.00000    1.68112   -1.80978  -13.74437  -12.03482
  52.63300   13.32588   15.23918    -4.08831   -6.30869   30.29062   32.50000   14.00000   14.00000    0.67412   -1.23918  -48.88985  -75.44203
  52.68368   14.43352   15.60837    -0.47126   -0.29219    0.00000    0.00000    0.00000    0.00000  -14.43352  -15.60837   -5.64371   -3.49928
  52.74430   12.95670   13.52730    -0.25638   -0.11313    0.00000    0.00000    0.00000    0.00000  -12.95670  -13.52730   -3.08013   -1.35914
  52.79491   11.14403   11.64757    -0.29219   -0.14894    0.00000    0.00000    0.00000    0.00000  -11.14403  -11.64757   -3.51956   -1.79407
  52.84541    8.19023    9.80141    -0.29219   -0.07732    0.00000    0.00000    0.00000    0.00000   -8.19023   -9.80141   -3.52274   -0.93217
  52.89589    6.31050    8.55942    -0.29219   -0.14894    0.00000    0.00000    0.00000    0.00000   -6.31050   -8.55942   -3.51523   -1.79186
  52.93657    4.79996    6.17622    -0.25638   -0.07732    0.00000    0.00000    0.00000    0.00000   -4.79996   -6.17622   -3.08439   -0.93018
  52.98703    3.12172    4.09508    -0.25638   -0.11313    0.00000    0.00000    0.00000    0.00000   -3.12172   -4.09508   -3.08439   -1.36102
  53.03765    1.84616    2.18185    -0.25638   -0.11313    0.00000    0.00000    0.00000    0.00000   -1.84616   -2.18185   -3.08439   -1.36102
  53.08819    0.67131    0.40276    -0.29219   -0.11313    0.00000    0.00000    0.00000    0.00000   -0.67131   -0.40276   -3.51523   -1.36102
  53.14890    0.06714    0.03357    -0.25638   -0.11313    0.00000    0.00000    0.00000    0.00000   -0.06714   -0.03357   -3.08439   -1.36102
  53.19947    0.00000    0.00000    -0.32801   -0.14894    0.00000    0.00000    0.00000    0.00000    0.00000    0.00000   -3.94607   -1.79186
  53.25010    0.00000    0.00000    -0.32801   -0.14894    0.00000    0.00000    0.00000    0.00000    0.00000    0.00000   -3.94607   -1.79186
  53.29077    0.03357    0.03357    -0.25638   -0.14894    0.00000    0.00000    0.00000    0.00000   -0.03357   -0.03357   -3.08495   -1.79219
  53.34125    0.00000    0.00000    -0.32801   -0.11313    0.00000    0.00000    0.00000    0.00000    0.00000    0.00000   -3.96810   -1.36862
  53.39181    0.00000    0.00000    -0.29219   -0.11313    0.00000    0.00000    0.00000    0.00000    0.00000    0.00000   -3.51839   -1.36225
  53.43230    0.00000    0.00000    -0.25638   -0.11313    0.00000    0.00000    0.00000    0.00000    0.00000    0.00000   -3.08439   -1.36102
  53.48336    0.00000    0.00000    -0.25638   -0.11313    0.00000    0.00000    0.00000    0.00000    0.00000    0.00000   -3.08439   -1.36102
  53.53387    0.00000    0.00000    -0.29219   -0.07732    0.00000    0.00000    0.00000    0.00000    0.00000    0.00000   -3.51523   -0.93018
  53.59448    0.00000    0.03357    -0.29219   -0.11313    0.00000    0.00000    0.00000    0.00000    0.00000   -0.03357   -3.51523   -1.36102
  53.64498    0.00000    0.00000    -0.29219   -0.11313    0.00000    0.00000    0.00000    0.00000    0.00000    0.00000   -3.51523   -1.36102
  53.69553    0.00000    0.00000    -0.25638   -0.07732    0.00000    0.00000    0.00000    0.00000    0.00000    0.00000   -3.08439   -0.93018
  53.74624    0.00000    0.00000    -0.25638   -0.07732    0.00000    0.00000    0.00000    0.00000    0.00000    0.00000   -3.08673   -0.93089
  53.78661    0.00000    0.00000    -0.29219   -0.07732    0.00000    0.00000    0.00000    0.00000    0.00000    0.00000   -3.52549   -0.93290
  53.83713    0.00000    0.00000    -0.25638   -0.11313    0.00000    0.00000    0.00000    0.00000    0.00000    0.00000   -3.09363   -1.36510
  53.88761    0.00000    0.00000    -0.25638   -0.07732    0.00000    0.00000    0.00000    0.00000    0.00000    0.00000   -3.09363   -0.93297
  53.93818    0.00000    0.00000    -0.25638   -0.11313    0.00000    0.00000    0.00000    0.00000    0.00000    0.00000   -3.09363   -1.36510
  53.99883    0.00000    0.00000    -0.25638   -0.04151    0.00000    0.00000    0.00000    0.00000    0.00000    0.00000   -3.09363   -0.50084
  54.04946    0.00000    0.00000    -0.25638   -0.11313    0.00000    0.00000    0.00000    0.00000    0.00000    0.00000   -3.10092   -1.36832
  54.09032    0.00000    0.00000    -0.29219   -0.07732    0.00000    0.00000    0.00000    0.00000    0.00000    0.00000   -3.53058   -0.93424
  54.14082    0.00000    0.00000    -0.25638   -0.11313    0.00000    0.00000    0.00000    0.00000    0.00000    0.00000   -3.09363   -1.36510
  54.19138    0.00000    0.00000    -0.25638   -0.07732    0.00000    0.00000    0.00000    0.00000    0.00000    0.00000   -3.09363   -0.93297
  54.24210    0.00000    0.00000    -0.25638   -0.11313    0.00000    0.00000    0.00000    0.00000    0.00000    0.00000   -3.09363   -1.36510
  54.28270    0.00000    0.00000    -0.25638   -0.11313    0.00000    0.00000    0.00000    0.00000    0.00000    0.00000   -3.09363   -1.36510
